-7.217456587300735	-5.010622110039697	0.0
-7.222631915205193	-5.020471797717417	0.0
-7.228427681499673	-5.029969663758116	0.0
-7.23482007013728	-5.039076679392949	0.0
-7.241782813421941	-5.04775542194122	0.0
-7.249287299947997	-5.055970228588216	0.0
-7.257302692170601	-5.063687342931355	0.0
-7.26579605312382	-5.070875053692483	0.0
-7.274732481765672	-5.077503825026326	0.0
-7.2840752563940105	-5.083546417889603	0.0
-7.293785985543872	-5.088978001972109	0.0
-7.303824765746231	-5.093776257729777	0.0
-7.314150345499927	-5.097921468100477	0.0
-7.324720294782922	-5.101396599525651	0.0
-7.335491179406363	-5.104187371944857	0.0
-7.346418739494985	-5.106282317475609	0.0
-7.357458071360432	-5.107672827537355	0.0
-7.368563812020137	-5.108353188225987	0.0
-7.379690325603559	-5.108320603793501	0.0
-7.39079189087975	-5.107575208136318	0.0
-7.401822889135713	-5.106120064245079	0.0
-7.412737991633475	-5.103961151618163	0.0
-7.423492345875586	-5.101107341690638	0.0
-7.434041759913669	-5.097570361379637	0.0
-7.444342883942595	-5.093364744895936	0.0
-7.4543533884341455	-5.088507774019771	0.0
-7.464032138078119	-5.0830194070862875	0.0
-7.473339360816144	-5.0769221969724665	0.0
-7.482236811273598	-5.070241198422514	0.0
-7.490687927918049	-5.06300386509254	0.0
-7.4986579832984495	-5.0552399367376015	0.0
-7.506114226747671	-5.046981317004667	0.0
-7.513026018962021	-5.038261942333685	0.0
-7.519364957904714	-5.029117642505482	0.0
-7.52510499551594	-5.019585993409495	0.0
-7.530222544749915	-5.009706162636394	0.0
-7.534696576499128	-4.999518748530042	0.0
-7.5385087060074465	-4.989065613360196	0.0
-7.541643268417021	-4.978389711301457	0.0
-7.544087383138548	-4.967534911925361	0.0
-7.545831006780376	-4.95654581993089	0.0
-7.546866974418954	-4.945467591854203	0.0
-7.547191029041044	-4.934345750510738	0.0
-7.546801839036689	-4.923225997932205	0.0
-7.545701003671102	-4.912154027567127	0.0
-7.543893046512927	-4.901175336516666	0.0
-7.541385396845933	-4.890335038577268	0.0
-7.538188359140489	-4.879677678858404	0.0
-7.534315070710294	-4.8692470507371555	0.0
-7.529781447728319	-4.859086015901837	0.0
-3.4642688942242157	3.5201760210658946	0.0
-3.441944720869921	3.564989556591744	0.0
-3.4191728277453297	3.6095301015329633	0.0
-3.395952261284707	3.6538012392755825	0.0
-3.3722832778498257	3.697803823829992	0.0
-3.348165801029964	3.7415390356873384	0.0
-3.323599407831187	3.7850083688954506	0.0
-3.298583542485309	3.828213225250542	0.0
-3.273114798853246	3.8711594982058264	0.0
-3.247195352526975	3.9138432592066343	0.0
-3.220821524143366	3.956270049220691	0.0
-3.193990921375584	3.9984427861982996	0.0
-3.166700704109764	4.040364652236986	0.0
-3.138947563911757	4.0820390889601885	0.0
-3.1107277022529547	4.123469793690806	0.0
-3.0820368074141804	4.164660716349685	0.0
-3.0528700299819373	4.205616057015546	0.0
-3.023222164258527	4.246339979189305	0.0
-2.993084736704481	4.286840508812419	0.0
-2.962455357564325	4.3271168874947215	0.0
-2.9313247727595746	4.367176960023671	0.0
-2.8996850206820146	4.407026160108109	0.0
-2.8675274199316845	4.446670167897589	0.0
-2.8348425320701014	4.486114910756671	0.0
-2.8016201220549344	4.525366564328881	0.0
-2.767849116205862	4.564431553852048	0.0
-2.7335175575409183	4.603316555687007	0.0
-2.6986125583115648	4.6420284990214755	0.0
-2.6631202495527964	4.680574567710177	0.0
-2.627025727451663	4.718962202211268	0.0
-2.5903131524990948	4.757198938918506	0.0
-2.5529627310978937	4.795295442453282	0.0
-2.514960828519312	4.833255104759202	0.0
-2.47628554784671	4.871088703285403	0.0
-2.436915879316588	4.908804991012768	0.0
-2.396829376801719	4.946412988683357	0.0
-2.3560020750933686	4.983921986106122	0.0
-2.3144084018291853	5.021341543144421	0.0
-2.2720210836989483	5.058681490313692	0.0
-2.2288110465332585	5.095951928910992	0.0
-2.1847473088508957	5.133163230590822	0.0
-2.139796868408913	5.170326036293364	0.0
-2.093924581265347	5.207451254422212	0.0
-2.0470930328274766	5.244550058158374	0.0
-1.9992624003186197	5.2816338817861785	0.0
-1.9503903060534011	5.318714415894009	0.0
-1.9004316608646632	5.355803601299045	0.0
-1.8493384969747686	5.3929136215297175	0.0
-1.7970597895494662	5.430056893682576	0.0
-1.621792650368443	5.548758772713968	0.0
-1.553781189877843	5.5913409887886765	0.0
-1.4847279797531894	5.632212226295976	0.0
-1.4146760542486454	5.671347014106868	0.0
-1.3436690700220453	5.708720963255184	0.0
-1.2717512789278804	5.744310782136906	0.0
-1.198967500439355	5.778094291025577	0.0
-1.1253630937166983	5.810050435894809	0.0
-1.050983929339146	5.840159301539245	0.0
-0.9758763607181968	5.868402123985792	0.0
-0.9000871952099733	5.894761302187411	0.0
-0.8236636649446742	5.919220408992169	0.0
-0.7466533973913136	5.941764201380707	0.0
-0.669104385676078	5.96237862996575	0.0
-0.5910649586728054	5.981050847747754	0.0
-0.5125837508842276	5.9977692181212	0.0
-0.4337096721327397	6.012523322126588	0.0
-0.35449187707959207	6.025303964943565	0.0
-0.274979734591495	6.036103181621185	0.0
-0.19522279697373202	6.044914242041697	0.0
-0.11527076908895226	6.051731655114782	0.0
-0.035173477380888975	6.056551172199625	0.0
0.045019161177692196	6.059369789752687	0.0
0.12525717019346314	6.060185751199523	0.0
0.20549054499803396	6.05899854802949	0.0
0.28566928381107465	6.055808920112653	0.0
0.36574341890163725	6.05061885523869	0.0
0.44566304772825943	6.0434315878781	0.0
0.5253783640384386	6.034251597166461	0.0
0.6048396889081011	6.023084604113021	0.0
0.6839975017017196	6.009937568035328	0.0
0.7628024709337824	5.9948186822221725	0.0
0.8412054850123863	5.977737368827473	0.0
0.9191576828457881	5.958704272998369	0.0
0.9966104842928465	5.93773125624111	0.0
1.0735156204383702	5.914831389028917	0.0
1.1498251636745143	5.890018942656407	0.0
1.2254915575694652	5.863309380345658	0.0
1.3004676465048155	5.8347193476094725	0.0
1.3747067050631432	5.8042666618778185	0.0
1.4481624671474904	5.771970301393928	0.0
1.5207891548145929	5.737850393386977	0.0
1.5925415068038884	5.701928201528713	0.0
1.663374806744527	5.6642261126818445	0.0
1.733244911022803	5.624767622948449	0.0
1.8021082762926426	5.583577323027103	0.0
1.8699219866120036	5.540680882887863	0.0
1.936643780188272	5.496105035774618	0.0
2.0022320757159893	5.449877561544821	0.0
2.0589283637195797	5.408854079482063	0.0
2.1141777105680233	5.3679355892503855	0.0
2.16805267941586	5.327106634413454	0.0
2.220616241401793	5.286350493090786	0.0
2.271927382981341	5.245650832098704	0.0
2.3220413422434967	5.2049917223345	0.0
2.371009840312391	5.1643576434448395	0.0
2.4188812972433493	5.123733486760763	0.0
2.4657010335158493	5.083104556728604	0.0
2.5115114581425493	5.0424565710428775	0.0
2.5563522443367606	5.001775659666574	0.0
2.6002604936102136	4.961048362905684	0.0
2.643270889107903	4.920261628688178	0.0
2.685415838926943	4.879402809182922	0.0
2.7267256101112762	4.838459656880701	0.0
2.767228453963177	4.797420320247894	0.0
2.806950723265628	4.756273339052906	0.0
2.8459169819665004	4.715007639456202	0.0
2.8841522817211684	4.673610175274855	0.0
2.921673326282931	4.632075598962715	0.0
2.958502469315489	4.590391179441223	0.0
2.9946579308085854	4.548547505277695	0.0
3.030156745500383	4.506535358225492	0.0
3.065014685301883	4.464345876199785	0.0
3.0992463286450063	4.421970548700632	0.0
3.132865125493477	4.3794012125136375	0.0
3.165883458300754	4.336630047738013	0.0
3.1983126991799007	4.293649574190825	0.0
3.2301632635321234	4.250452648236145	0.0
3.261444660364074	4.207032460088178	0.0
3.2921674535729957	4.163379812029926	0.0
3.3223353756365657	4.119494394390231	0.0
3.351957879713218	4.075366976752596	0.0
3.3810410938628475	4.030992359160071	0.0
3.4095906480618887	3.9863653809850996	0.0
3.4376115093622825	3.941481212203699	0.0
3.4651080143204283	3.8963353555811127	0.0
3.492083899492594	3.850923649830351	0.0
3.518542330125352	3.805242273833207	0.0
3.5444876104483196	3.7592847703786565	0.0
3.569918184172795	3.713054509857502	0.0
3.5948378569744133	3.666544814278912	0.0
3.619247543533124	3.6197536906528813	0.0
3.643147927761052	3.572679127014496	0.0
3.6665392629319893	3.525319505700455	0.0
3.6894213908485534	3.4776736185957375	0.0
3.7117952276413666	3.4297375403625012	0.0
3.7336566122199977	3.3815178843125437	0.0
3.755006254048092	3.3330104811414043	0.0
3.7758422957793782	3.284216464571645	0.0
7.532248149013827	-5.788521104954905	0.0
7.536692100358796	-5.800310049519296	0.0
7.540371600857536	-5.812359497372974	0.0
7.543271530653244	-5.82461993475011	0.0
7.545379973312357	-5.8370409808836685	0.0
7.546688264791729	-5.849571595030778	0.0
7.547191029041046	-5.862160286210099	0.0
7.546886200094161	-5.874755324789312	0.0
7.545775030558605	-5.887304955053269	0.0
7.543862086468343	-5.899757607879324	0.0
7.541155228520968	-5.912062112645931	0.0
7.53766557977641	-5.924167907503697	0.0
7.533407479949878	-5.936025247144866	0.0
7.528398426486925	-5.947585407217461	0.0
7.522659002662668	-5.958800884544097	0.0
7.516212793000702	-5.969625592322726	0.0
7.509086286359238	-5.980015049507194	0.0
7.501308767082693	-5.989926563589398	0.0
7.4929121946660535	-5.999319406031961	0.0
7.483931072426431	-6.008154979630528	0.0
7.474402305721558	-6.016396977117959	0.0
7.464365050297735	-6.024011530358674	0.0
7.453860551390485	-6.0309673495200915	0.0
7.442931974239028	-6.037235851649257	0.0
7.4316242267110475	-6.042791278126334	0.0
7.419983774766644	-6.047610800512292	0.0
7.408058451519722	-6.0516746143558615	0.0
7.395897260681482	-6.054966020574278	0.0
7.383550175193644	-6.057471494073381	0.0
7.3710679318789145	-6.059180739325144	0.0
7.358501822952513	-6.0600867326741925	0.0
7.345903485251437	-6.060185751199522	0.0
7.333324688047632	-6.059477388012773	0.0
7.320817120316959	-6.057964553930222	0.0
7.308432178338083	-6.055653465511616	0.0
7.296220754494159	-6.052553619514996	0.0
7.284233028145104	-6.048677753872473	0.0
7.272518259429844	-6.044041795347348	0.0
7.26112458684584	-6.038664794087607	0.0
7.250098829437676	-6.03256884534479	0.0
7.239486294407559	-6.025778998679859	0.0
7.22933059093831	-6.018323155029178	0.0
7.219673450993875	-6.010231952053578	0.0
7.210554557833736	-6.001538638241647	0.0
7.202011382945884	-5.992278936284547	0.0
7.194079032068441	-5.98249089628382	0.0
7.186790100932644	-5.972214739395356	0.0
7.180174541319998	-5.961492692552039	0.0
7.169065767775235	-5.938951914443493	0.0
7.084514258183187	-5.755109534994408	0.0
7.0001491796882656	-5.575906065292263	0.0
6.915981862537836	-5.401189020696191	0.0
6.832022156559131	-5.2308115933063375	0.0
6.748277611033598	-5.064630618097936	0.0
6.664754584773352	-4.90250850327043	0.0
6.581463615028493	-4.744323040010368	0.0
6.498406682281146	-4.589942511823973	0.0
6.41558756957526	-4.4392454221455395	0.0
6.3330090828517305	-4.292114782878727	0.0
6.250673120853826	-4.148437948588291	0.0
6.168579913551789	-4.008105042253815	0.0
6.086728618761853	-3.871009810877528	0.0
6.00512377612689	-3.737060009272096	0.0
5.923761268326017	-3.606153781153398	0.0
5.842639403482135	-3.4781979583345195	0.0
5.761755184439405	-3.353101692993771	0.0
5.681104527064875	-3.2307766802274114	0.0
5.600689533048528	-3.111147852977125	0.0
5.520502724594006	-2.9941294374368117	0.0
5.440538633673829	-2.879642410275173	0.0
5.360798798842709	-2.7676210832402486	0.0
5.281274663912909	-2.6579885968313457	0.0
5.201959898082796	-2.5506744682617324	0.0
5.122854988550121	-2.445620287248987	0.0
5.043949691774405	-2.3427560126695703	0.0
4.965244776188335	-2.2420286950792576	0.0
4.886729734830302	-2.1433732930165346	0.0
4.8084055826436485	-2.0467417172242186	0.0
4.730261665699631	-1.9520735736239903	0.0
4.652296722936191	-1.8593221433864435	0.0
4.5745046615427345	-1.7684368421950973	0.0
4.4968855463804855	-1.6793761459579366	0.0
4.419435244349824	-1.5920953218033929	0.0
4.34217991764168	-1.5065848704800116	0.0
4.265056319339048	-1.422737922729033	0.0
4.188092620021036	-1.3405502365385233	0.0
4.1112876053410305	-1.259986357361096	0.0
4.034647123577012	-1.1810193601599963	0.0
3.9581702588007603	-1.1036162832951455	0.0
3.881861624957462	-1.0277507966868815	0.0
3.805730302028623	-0.9534017235598333	0.0
3.729777404186533	-0.8805407685785379	0.0
3.6540212344770353	-0.8091567353990542	0.0
3.578468246653859	-0.739227460959054	0.0
3.5031442036386156	-0.6707489128142042	0.0
3.428063897115815	-0.6037068734067654	0.0
3.3532635065588265	-0.538106021892426	0.0
3.20465309924182	-0.41121359761613413	0.0
3.081643093767394	-0.3102099508183521	0.0
2.9557306692345287	-0.2128484622228861	0.0
2.8270236272315024	-0.11921248915643731	0.0
2.6956321619953174	-0.029382199296294136	0.0
2.5616687660674407	0.05656549796628958	0.0
2.4252481339818406	0.13855701737308124	0.0
2.286487064067726	0.21652216079987038	0.0
2.145504358451128	0.29039417735751344	0.0
2.0024207213408727	0.36010982054159557	0.0
1.857358655686089	0.4256094023817611	0.0
1.7104423582936774	0.4868368445443564	0.0
1.5617976134955793	0.5437397263446431	0.0
1.4115516854568473	0.5962693296274567	0.0
1.2598332092167575	0.6443806804778968	0.0
1.1067720805562056	0.6880325877263512	0.0
0.9524993447857291	0.7271876782148432	0.0
0.7971470845493205	0.761812428794573	0.0
0.6408483067401278	0.791877195027191	0.0
0.48373682862484413	0.8173562365652867	0.0
0.3259471632742814	0.8382277391903193	0.0
0.16761440439822728	0.8544738334891545	0.0
0.00887411068317747	0.8660806101531985	0.0
-0.15013781026802842	0.8730381318870364	0.0
-0.3092852182952977	0.875340441916373	0.0
-0.4684318572394851	0.8729855690880185	0.0
-0.6274414715999072	0.8659755295574985	0.0
-0.786177923191288	0.8543163250629149	0.0
-0.9445053077002732	0.8380179377864632	0.0
-1.1022880710417033	0.8170943218080604	0.0
-1.259391125415037	0.7915633911583834	0.0
-1.4156799649615597	0.7614470044815148	0.0
-1.5710207809233543	0.7267709463203972	0.0
-1.725280576205439	0.6875649050410426	0.0
-1.8783272792429915	0.6438624474144452	0.0
-2.0300298570761655	0.5957009898779532	0.0
-2.1802584275356915	0.5431217665006877	0.0
-2.3288843704432187	0.4861697936804445	0.0
-2.4757804377311796	0.42489383160231553	0.0
-2.6208208623879066	0.35934634249200914	0.0
-2.763881466134723	0.28958344569961914	0.0
-2.904839765742822	0.21566486965230525	0.0
-3.0435750778989012	0.13765390071700434	0.0
-3.179968622529779	0.055617329016972736	0.0
-3.313903624497524	-0.03037460875145638	0.0
-3.445265413578038	-0.120248289452959	0.0
-3.5739415226374844	-0.2139267665466384	0.0
-3.6998217839225087	-0.3113298359648224	0.0
-3.9427490715251183	-0.5169920846506131	0.0
-4.005424687298751	-0.5732735292084701	0.0
-4.068338322145862	-0.6306553529808313	0.0
-4.1314532066652125	-0.6891228704198163	0.0
-4.19474900559652	-0.7486757865971125	0.0
-4.258209497234003	-0.809317364335708	0.0
-4.321810608762507	-0.8710430515168064	0.0
-4.385546022923792	-0.9338652434403258	0.0
-4.4493969558569475	-0.9977841092449892	0.0
-4.513361610079067	-1.0628167695770803	0.0
-4.577425111293957	-1.1289673275662024	0.0
-4.641588659156746	-1.196256615856988	0.0
-4.70584059036437	-1.2646924305481342	0.0
-4.770183828174118	-1.3342983947862552	0.0
-4.834612741415668	-1.405089528539574	0.0
-4.899128361137037	-1.4770886724654724	0.0
-4.963725468822388	-1.55031233811985	0.0
-5.028403499131572	-1.6247828470132295	0.0
-5.093133075183356	-1.7004895509605489	0.0
-5.157973060148032	-1.7775257994637694	0.0
-5.2229015275850195	-1.855891558967099	0.0
-5.28791239964987	-1.9356058601484731	0.0
-5.35301467988523	-2.0167070758750247	0.0
-5.418203598413637	-2.099217631675852	0.0
-5.483479366241133	-2.1831670690080656	0.0
-5.548850463425638	-2.268596791723623	0.0
-5.6143164567182655	-2.355537998662264	0.0
-5.679875559938671	-2.4440211916350383	0.0
-5.74553559485848	-2.5340911471065835	0.0
-5.811293513945097	-2.6257792865498133	0.0
-5.8771530597681565	-2.719127791121183	0.0
-5.943120156546082	-2.814183660456498	0.0
-6.009190971644082	-2.910981517051106	0.0
-6.0753689029823645	-3.0095680479267086	0.0
-6.1416593860381905	-3.109994937553607	0.0
-6.208058460906313	-3.2123015636975474	0.0
-6.274568836870618	-3.316539295725153	0.0
-6.341192187380035	-3.422760020113176	0.0
-6.407929241244382	-3.5310162933440106	0.0
-6.474783567824038	-3.6413676064084375	0.0
-6.541750092365314	-3.7538615533938517	0.0
-6.6088299591197455	-3.8685583595364545	0.0
-6.67602339233312	-3.985519342071334	0.0
-6.743329456827101	-4.104806531091515	0.0
-6.810749682542335	-4.226489229569344	0.0
-6.87827750825141	-4.3506251135765845	0.0
-6.945911741595161	-4.477284529172254	0.0
-7.013650391311522	-4.60653965561251	0.0
-7.081490125264681	-4.73846355426134	0.0
-7.1494270325611	-4.87313170988067	0.0
-7.217456587300735	-5.010622110039697	0.0
