x	y	z
-7.792834525223286	3.6377186175716294	0.0
-7.787806349184626	3.6620221086262594	0.0
-7.7827781731459655	3.6863255996808904	0.0
-7.777749997107305	3.7106290907355204	0.0
-7.772721821068645	3.734932581790151	0.0
-7.767693645029984	3.759236072844781	0.0
-7.762665468991323	3.7835395638994114	0.0
-7.757637292952664	3.807843054954042	0.0
-7.752609116914003	3.8321465460086723	0.0
-7.747580940875342	3.8564500370633024	0.0
-7.742552764836682	3.8807535281179333	0.0
-7.737524588798021	3.9050570191725633	0.0
-7.73249641275936	3.9293605102271942	0.0
-7.7274682367207	3.953664001281824	0.0
-7.72244006068204	3.9779674923364543	0.0
-7.717411884643379	4.002270983391085	0.0
-7.712383708604718	4.026574474445716	0.0
-7.707355532566058	4.050877965500346	0.0
-7.702327356527398	4.075181456554976	0.0
-7.697299180488737	4.099484947609606	0.0
-7.692271004450077	4.123788438664237	0.0
-7.687242828411416	4.148091929718867	0.0
-7.682214652372756	4.172395420773498	0.0
-7.677186476334096	4.196698911828127	0.0
-7.672158300295435	4.221002402882759	0.0
-7.667130124256775	4.245305893937388	0.0
-7.6621019482181145	4.26960938499202	0.0
-7.657073772179454	4.293912876046649	0.0
-7.652045596140793	4.3182163671012805	0.0
-7.647017420102133	4.34251985815591	0.0
-7.641989244063471	4.3668233492105415	0.0
-7.635936561461694	4.390898019276451	0.0
-7.625960219923929	4.414096349893243	0.0
-7.615983878386162	4.437294680510036	0.0
-7.605885561764851	4.4604360985492555	0.0
-7.595635414893415	4.483506673834057	0.0
-7.585385268021979	4.506577249118861	0.0
-7.575135121150543	4.529647824403663	0.0
-7.564884974279107	4.552718399688466	0.0
-7.554634827407671	4.575788974973269	0.0
-7.5443846805362345	4.598859550258071	0.0
-7.534134533664798	4.621930125542875	0.0
-7.523884386793362	4.645000700827677	0.0
-7.513634239921926	4.66807127611248	0.0
-7.50338409305049	4.691141851397283	0.0
-7.493133946179053	4.714212426682085	0.0
-7.482883799307617	4.737283001966889	0.0
-7.47263365243618	4.760353577251692	0.0
-7.462383505564744	4.783424152536494	0.0
-7.452133358693307	4.806494727821296	0.0
-7.441831993552881	4.8295399172192806	0.0
-7.431402130478007	4.852521417740529	0.0
-7.420972267403133	4.875502918261777	0.0
-7.410542404328259	4.898484418783024	0.0
-7.400112541253385	4.921465919304272	0.0
-7.389682678178511	4.9444474198255195	0.0
-7.379252815103636	4.967428920346767	0.0
-7.368822952028764	4.990410420868015	0.0
-7.358393088953889	5.013391921389263	0.0
-7.347963225879016	5.036373421910511	0.0
-7.337533362804141	5.059354922431758	0.0
-7.327103499729267	5.082336422953006	0.0
-7.316673636654393	5.105317923474254	0.0
-7.306243773579519	5.128299423995501	0.0
-7.295813910504646	5.151280924516749	0.0
-7.285384047429771	5.174262425037997	0.0
-7.274863756008234	5.197196965036115	0.0
-7.264255885123702	5.220086023970502	0.0
-7.25364801423917	5.242975082904891	0.0
-7.243040143354638	5.265864141839279	0.0
-7.232432272470106	5.288753200773667	0.0
-7.2218244015855735	5.311642259708054	0.0
-7.211216530701042	5.334531318642442	0.0
-7.200608659816511	5.35742037757683	0.0
-7.190000788931978	5.380309436511217	0.0
-7.179392918047446	5.403198495445605	0.0
-7.168785047162914	5.426087554379993	0.0
-7.158177176278382	5.448976613314381	0.0
-7.1475693053938505	5.471865672248769	0.0
-7.136961434509318	5.494754731183156	0.0
-7.126353563624786	5.517643790117544	0.0
-7.115727921279642	5.5405231911501565	0.0
-7.104943814046648	5.563316474426044	0.0
-7.094159706813653	5.586109757701931	0.0
-7.083375599580661	5.608903040977817	0.0
-7.072591492347666	5.631696324253705	0.0
-7.0618073851146725	5.654489607529592	0.0
-7.0510232778816775	5.677282890805479	0.0
-7.040239170648684	5.700076174081366	0.0
-7.02945506341569	5.722869457357254	0.0
-7.018670956182697	5.74566274063314	0.0
-7.007886848949703	5.768456023909027	0.0
-6.997102741716708	5.7912493071849145	0.0
-6.986318634483715	5.814042590460802	0.0
-6.97553452725072	5.836835873736689	0.0
-6.964750420017726	5.859629157012575	0.0
-6.953956113306863	5.882416646095686	0.0
-6.942997603626398	5.905110853574344	0.0
-6.932039093945933	5.927805061053003	0.0
-6.921080584265468	5.95049926853166	0.0
-6.910122074585003	5.973193476010318	0.0
-6.899163564904538	5.995887683488975	0.0
-6.8882050552240734	6.018581890967633	0.0
-6.877246545543609	6.041276098446291	0.0
-6.866288035863144	6.063970305924949	0.0
-6.855329526182679	6.086664513403607	0.0
-6.8443710165022145	6.109358720882264	0.0
-6.83341250682175	6.132052928360922	0.0
-6.8224539971412845	6.15474713583958	0.0
-6.81149548746082	6.177441343318238	0.0
-6.800536977780355	6.200135550796896	0.0
-6.789511302800137	6.222789911994035	0.0
-6.7783802863632445	6.245381778638872	0.0
-6.767249269926352	6.267973645283709	0.0
-6.756118253489459	6.290565511928546	0.0
-6.744987237052566	6.313157378573383	0.0
-6.733856220615674	6.335749245218219	0.0
-6.72272520417878	6.358341111863057	0.0
-6.711594187741888	6.380932978507894	0.0
-6.700463171304995	6.40352484515273	0.0
-6.689332154868102	6.426116711797567	0.0
-6.678201138431209	6.448708578442405	0.0
-6.667070121994317	6.471300445087242	0.0
-6.655939105557423	6.493892311732079	0.0
-6.644808089120531	6.516484178376915	0.0
-6.633655841877407	6.539062903252992	0.0
-6.622354275493546	6.561549200286342	0.0
-6.611052709109685	6.584035497319693	0.0
-6.5997511427258235	6.606521794353044	0.0
-6.5884495763419615	6.629008091386394	0.0
-6.5771480099581	6.651494388419746	0.0
-6.565846443574237	6.673980685453095	0.0
-6.554544877190376	6.696466982486446	0.0
-6.543243310806515	6.718953279519797	0.0
-6.531941744422653	6.741439576553147	0.0
-6.520640178038791	6.763925873586498	0.0
-6.50933861165493	6.786412170619848	0.0
-6.498037045271068	6.808898467653199	0.0
-6.486735478887207	6.831384764686549	0.0
-6.475376206084324	6.853833812689231	0.0
-6.463904204022271	6.876210094859219	0.0
-6.45243220196022	6.898586377029207	0.0
-6.440960199898168	6.920962659199193	0.0
-6.429488197836117	6.9433389413691815	0.0
-6.418016195774066	6.965715223539169	0.0
-6.406544193712014	6.988091505709155	0.0
-6.3950721916499615	7.010467787879143	0.0
-6.38360018958791	7.03284407004913	0.0
-6.372128187525859	7.055220352219117	0.0
-6.360656185463807	7.077596634389105	0.0
-6.349184183401754	7.099972916559093	0.0
-6.337712181339702	7.122349198729079	0.0
-6.326203838804419	7.144701006791119	0.0
-6.314555460345985	7.16695850528603	0.0
-6.302907081887551	7.189216003780941	0.0
-6.291258703429117	7.211473502275852	0.0
-6.279610324970684	7.233731000770763	0.0
-6.26796194651225	7.2559884992656745	0.0
-6.256313568053816	7.278245997760584	0.0
-6.2446651895953815	7.300503496255495	0.0
-6.233016811136949	7.322760994750407	0.0
-6.2213684326785135	7.345018493245318	0.0
-6.20972005422008	7.367275991740228	0.0
-6.198071675761645	7.389533490235139	0.0
-6.186423297303212	7.41179098873005	0.0
-6.174774918844778	7.434048487224961	0.0
-6.163121666193982	7.456302485030127	0.0
-6.15112417201617	7.478309245407197	0.0
-6.139126677838356	7.500316005784266	0.0
-6.127129183660544	7.522322766161336	0.0
-6.11513168948273	7.544329526538406	0.0
-6.103134195304918	7.566336286915476	0.0
-6.0911367011271045	7.588343047292546	0.0
-6.079139206949291	7.610349807669616	0.0
-6.067141712771478	7.632356568046687	0.0
-6.055144218593665	7.654363328423756	0.0
-6.043146724415851	7.676370088800826	0.0
-6.0311492302380385	7.698376849177896	0.0
-6.019151736060225	7.720383609554966	0.0
-6.007154241882413	7.7423903699320356	0.0
-5.995156747704599	7.7643971303091055	0.0
-5.982880865001431	7.786186409465419	0.0
-5.9705446507500755	7.807928556726723	0.0
-5.958208436498721	7.829670703988025	0.0
-5.945872222247366	7.851412851249329	0.0
-5.933536007996011	7.873154998510631	0.0
-5.921199793744655	7.894897145771934	0.0
-5.908863579493301	7.916639293033237	0.0
-5.896527365241947	7.93838144029454	0.0
-5.884191150990591	7.9601235875558425	0.0
-5.871854936739236	7.981865734817145	0.0
-5.8595187224878815	8.003607882078448	0.0
-5.847182508236527	8.02535002933975	0.0
-5.834846293985172	8.047092176601055	0.0
-5.822510079733816	8.068834323862356	0.0
-5.809967431876439	8.090401348790063	0.0
-5.797303444284873	8.11186543845535	0.0
-5.7846394566933075	8.133329528120635	0.0
-5.771975469101742	8.15479361778592	0.0
-5.759311481510175	8.176257707451207	0.0
-5.746647493918609	8.197721797116492	0.0
-5.733983506327044	8.219185886781776	0.0
-5.721319518735477	8.240649976447061	0.0
-5.708655531143912	8.262114066112348	0.0
-5.6959915435523465	8.283578155777633	0.0
-5.683327555960779	8.305042245442918	0.0
-5.670663568369214	8.326506335108204	0.0
-5.657999580777648	8.34797042477349	0.0
-5.645335593186084	8.369434514438776	0.0
-5.632533155089836	8.390771203454076	0.0
-5.619552874168873	8.411944243434538	0.0
-5.606572593247909	8.433117283415001	0.0
-5.5935923123269475	8.454290323395464	0.0
-5.580612031405986	8.475463363375928	0.0
-5.567631750485023	8.49663640335639	0.0
-5.554651469564061	8.517809443336853	0.0
-5.5416711886430985	8.538982483317316	0.0
-5.528690907722137	8.560155523297778	0.0
-5.515710626801173	8.581328563278241	0.0
-5.50273034588021	8.602501603258704	0.0
-5.4897500649592486	8.623674643239166	0.0
-5.476769784038287	8.644847683219629	0.0
-5.463789503117324	8.666020723200091	0.0
-5.450734471094591	8.687119191520086	0.0
-5.437449891454893	8.707988663256108	0.0
-5.424165311815197	8.728858134992132	0.0
-5.410880732175499	8.749727606728154	0.0
-5.397596152535803	8.770597078464178	0.0
-5.384311572896105	8.7914665502002	0.0
-5.3710269932564065	8.812336021936222	0.0
-5.35774241361671	8.833205493672246	0.0
-5.344457833977013	8.854074965408268	0.0
-5.331173254337315	8.87494443714429	0.0
-5.317888674697619	8.895813908880312	0.0
-5.304604095057921	8.916683380616336	0.0
-5.291319515418224	8.93755285235236	0.0
-5.278034935778526	8.958422324088382	0.0
-5.264734723166478	8.979274888687176	0.0
-5.251158334503679	8.999828767515654	0.0
-5.237581945840881	9.020382646344132	0.0
-5.224005557178082	9.040936525172608	0.0
-5.210429168515284	9.061490404001088	0.0
-5.1968527798524855	9.082044282829564	0.0
-5.183276391189688	9.102598161658042	0.0
-5.1697000025268895	9.123152040486518	0.0
-5.156123613864092	9.143705919314996	0.0
-5.142547225201293	9.164259798143473	0.0
-5.128970836538495	9.18481367697195	0.0
-5.115394447875695	9.205367555800429	0.0
-5.101818059212897	9.225921434628905	0.0
-5.088241670550099	9.246475313457383	0.0
-5.0746652818873015	9.267029192285861	0.0
-5.060848670075223	9.287301272614377	0.0
-5.046993436849565	9.307528047332486	0.0
-5.033138203623909	9.327754822050593	0.0
-5.019282970398251	9.347981596768705	0.0
-5.005427737172595	9.368208371486812	0.0
-4.991572503946938	9.38843514620492	0.0
-4.977717270721281	9.408661920923029	0.0
-4.963862037495624	9.428888695641136	0.0
-4.950006804269966	9.449115470359246	0.0
-4.93615157104431	9.469342245077353	0.0
-4.922291687682082	9.489567076609317	0.0
-4.9083824694469165	9.509771247512635	0.0
-4.894424069138219	9.529954614922232	0.0
-4.88041663920355	9.550117036681758	0.0
-4.866182276371764	9.570031889432247	0.0
-4.851804612313968	9.589810742721644	0.0
-4.8373784628276315	9.609568214239076	0.0
-4.822903976370522	9.629304164227776	0.0
-4.808381301491534	9.649018453774719	0.0
-4.79380947522432	9.66871043516625	0.0
-4.779184151972305	9.688377881249094	0.0
-4.764511170776201	9.708023243938886	0.0
-4.749790678284972	9.727646387384887	0.0
-4.735022821096731	9.747247176485988	0.0
-4.7202077458084215	9.766825476911796	0.0
-4.705340001083058	9.786378440228848	0.0
-4.690424763308542	9.805908327917308	0.0
-4.675462833069659	9.825415323391702	0.0
-4.660334269923285	9.844732937797039	0.0
-4.645027819186385	9.863845246593097	0.0
-4.629674098891621	9.882933757270694	0.0
-4.614269574461481	9.901996444804745	0.0
-4.598819179412911	9.921035596352656	0.0
-4.5833230623040695	9.940051087053755	0.0
-4.567781372151237	9.959042793068889	0.0
-4.552194258457823	9.978010591601786	0.0
-4.536561871242262	9.996954360920517	0.0
-4.520879738456371	10.01587148551892	0.0
-4.50515214914618	10.034764040158155	0.0
-4.489379825007848	10.053632212593612	0.0
-4.473562918636986	10.072475886531748	0.0
-4.45770158329114	10.091294946872846	0.0
-4.441728275462711	10.10998704942797	0.0
-4.425541227515301	10.128398168130573	0.0
-4.409306375202292	10.146782138698434	0.0
-4.393027067087464	10.165140643268083	0.0
-4.37670419450656	10.183473991127993	0.0
-4.360337915528553	10.201782075945953	0.0
-4.343928389068626	10.220064792783738	0.0
-4.327475774468715	10.238322037863	0.0
-4.310980232612289	10.256553709238638	0.0
-4.294441924908405	10.274759706214565	0.0
-4.277858585751965	10.292938449197576	0.0
-4.261231479461784	10.31109048555254	0.0
-4.244562188385214	10.329216578811776	0.0
-4.227850878049936	10.347316635634652	0.0
-4.211076965566795	10.365356305031575	0.0
-4.194059444960109	10.383036362241462	0.0
-4.177000407330118	10.400690112626933	0.0
-4.159900022008962	10.418317469355191	0.0
-4.142758459330632	10.43591834730012	0.0
-4.125575890242991	10.453492662810783	0.0
-4.108351662986573	10.471039792413336	0.0
-4.091084807340562	10.488558888296634	0.0
-4.073777563395698	10.506051222538485	0.0
-4.056430107171047	10.523516720466969	0.0
-4.039042615361564	10.540955309042563	0.0
-4.021615266365347	10.558366917572801	0.0
-4.004148239332124	10.575751477096217	0.0
-3.986641714113944	10.593108920366642	0.0
-3.969095872279749	10.610439182574495	0.0
-3.951323768803745	10.627403084264229	0.0
-3.933492177362328	10.644302463524951	0.0
-3.9156218195040844	10.661174478862272	0.0
-3.89771288081015	10.678019073505332	0.0
-3.8797655476095523	10.694836192572673	0.0
-3.8617800079675186	10.71162578380565	0.0
-3.8437564507513384	10.7283877969296	0.0
-3.8256950655956334	10.745122183650686	0.0
-3.8075960438771674	10.761828898394981	0.0
-3.789459365469332	10.778507739437703	0.0
-3.771284753312016	10.79515830972752	0.0
-3.7530731955537795	10.81178115967802	0.0
-3.734824888817732	10.828376255233447	0.0
-3.716540030558488	10.844943564567874	0.0
-3.6980824597524244	10.861210506217677	0.0
-3.6795327764081347	10.87733775528034	0.0
-3.660947140361231	10.8934371374347	0.0
-3.6423257538977922	10.909508631235102	0.0
-3.623668820146603	10.92555221763213	0.0
-3.604976543064308	10.941567879989506	0.0
-3.5862491283609383	10.957555604853054	0.0
-3.567486782280072	10.973515381017297	0.0
-3.548689712812314	10.989447200532098	0.0
-3.529858128797677	11.00535105802048	0.0
-3.510992239918053	11.021226950703975	0.0
-3.4920922575987987	11.03707487917859	0.0
-3.4731581332525354	11.052894630071336	0.0
-3.454189495064872	11.068685716400399	0.0
-3.435095954192218	11.084246176046197	0.0
-3.415865442971457	11.099573859185504	0.0
-3.3966308493346196	11.114898102660348	0.0
-3.377219326226305	11.130069623360026	0.0
-3.3577745871267806	11.145212472531355	0.0
-3.3383298480272554	11.160355321702681	0.0
-3.318885108927731	11.175498170874011	0.0
-3.2994403698282064	11.190641020045337	0.0
-3.279995630728681	11.205783869216663	0.0
-3.2602192918144137	11.220624364539407	0.0
-3.2403928761024092	11.235419199666197	0.0
-3.2205664603904056	11.250214034792984	0.0
-3.200740044678403	11.265008869919772	0.0
-3.1809136289663984	11.279803705046561	0.0
-3.161035001586299	11.294469029535666	0.0
-3.140717260583483	11.308541614571485	0.0
-3.1203610040208996	11.322576500872842	0.0
-3.100004747458315	11.336611387174202	0.0
-3.079648490895731	11.350646273475556	0.0
-3.0592922343331472	11.364681159776913	0.0
-3.0389359777705622	11.37871604607827	0.0
-3.018251199520366	11.392405790860614	0.0
-2.9975388285683158	11.406066547033106	0.0
-2.976826457616266	11.419727303205596	0.0
-2.9561140866642166	11.433388059378085	0.0
-2.9354017157121666	11.447048815550577	0.0
-2.914689344760117	11.460709571723067	0.0
-2.8936516636432366	11.474003399661022	0.0
-2.8725774464724947	11.487223905826058	0.0
-2.8513779120902094	11.50009336079943	0.0
-2.830178377707923	11.512962815772802	0.0
-2.8089788433256375	11.525832270746175	0.0
-2.7877793089433514	11.538701725719545	0.0
-2.7662588176233065	11.551182273901999	0.0
-2.744730513679491	11.563653355448645	0.0
-2.723202209735675	11.576124436995292	0.0
-2.7016739057918597	11.588595518541936	0.0
-2.6801456018480434	11.601066600088583	0.0
-2.6586163241397585	11.613536412824427	0.0
-2.6367735490802686	11.625597739896886	0.0
-2.614930774020777	11.637659066969347	0.0
-2.5930879989612863	11.649720394041806	0.0
-2.5712452239017947	11.661781721114266	0.0
-2.549281976347711	11.67345706653909	0.0
-2.5273021564858085	11.685095487522009	0.0
-2.5050315378701353	11.696325886197254	0.0
-2.482760919254463	11.707556284872496	0.0
-2.460490300638789	11.718786683547744	0.0
-2.438219682023117	11.730017082222986	0.0
-2.415949063407445	11.741247480898231	0.0
-2.393662268619443	11.75245339392017	0.0
-2.371106938370658	11.763252828446465	0.0
-2.3485516081218716	11.77405226297276	0.0
-2.325996277873086	11.784851697499054	0.0
-2.3034409476242996	11.795651132025347	0.0
-2.2808856173755143	11.806450566551641	0.0
-2.258307754271337	11.817213119645569	0.0
-2.2353997274687556	11.827261000443597	0.0
-2.2124636956155825	11.837204532182966	0.0
-2.1895276637624086	11.847148063922337	0.0
-2.166591631909235	11.857091595661707	0.0
-2.1436556000560625	11.867035127401076	0.0
-2.1206915444833823	11.876928916355633	0.0
-2.0975019856631776	11.886422431552308	0.0
-2.074312426842972	11.895915946748985	0.0
-2.0511228680227678	11.905409461945663	0.0
-2.027933309202563	11.914902977142336	0.0
-2.0047437503823575	11.924396492339014	0.0
-1.981521567249929	11.933826983876383	0.0
-1.9580945597154125	11.942861795552492	0.0
-1.9346675521808976	11.9518966072286	0.0
-1.9111879041245352	11.96069805721531	0.0
-1.8876663148951551	11.969313576997564	0.0
-1.8641447256657768	11.977929096779816	0.0
-1.8405868240702934	11.986467939685848	0.0
-1.816844161622127	11.994616643183418	0.0
-1.79310149917396	12.002765346680988	0.0
-1.7693588367257924	12.010914050178556	0.0
-1.7456161742776257	12.019062753676124	0.0
-1.721873511829458	12.027211457173696	0.0
-1.6980917815340468	12.035269506446305	0.0
-1.6741446981062593	12.04294386526455	0.0
-1.650197614678473	12.050618224082799	0.0
-1.6262505312506867	12.058292582901043	0.0
-1.6023034478228992	12.065966941719292	0.0
-1.5783280820131977	12.07348720959735	0.0
-1.5542625298321202	12.080633896801412	0.0
-1.5300503378083177	12.087404211288444	0.0
-1.505838145784515	12.094174525775474	0.0
-1.4816259537607108	12.100944840262503	0.0
-1.4574137617369083	12.107715154749533	0.0
-1.4332015697131042	12.114485469236564	0.0
-1.40894766530385	12.121136399805252	0.0
-1.384565103307009	12.127419102885526	0.0
-1.3601825413101662	12.133701805965803	0.0
-1.3357999793133253	12.139984509046077	0.0
-1.3114174173164825	12.146267212126354	0.0
-1.2870348553196416	12.152549915206627	0.0
-1.2626107204022454	12.158698582697266	0.0
-1.238064716853717	12.164414585272429	0.0
-1.213468657459159	12.169778404838898	0.0
-1.1888725980645998	12.175142224405363	0.0
-1.1642765386700418	12.180506043971832	0.0
-1.1396804792754835	12.185869863538297	0.0
-1.1150439759746655	12.191084872851663	0.0
-1.0903124504361186	12.19595025512464	0.0
-1.0655809248975703	12.200815637397614	0.0
-1.0408493993590233	12.205681019670589	0.0
-1.0161178738204764	12.210546401943567	0.0
-0.9913863482819282	12.215411784216544	0.0
-0.9666165056872108	12.22011351042281	0.0
-0.9417672312710922	12.22447597519406	0.0
-0.916917956854975	12.228838439965312	0.0
-0.8920686824388578	12.233200904736563	0.0
-0.8671769863118785	12.237144138727277	0.0
-0.8422844389215571	12.241078960143666	0.0
-0.817356705012495	12.244835260782942	0.0
-0.7923642734112991	12.248263314051034	0.0
-0.7673718418101017	12.251691367319124	0.0
-0.7423794102089055	12.255119420587214	0.0
-0.7173869786077095	12.258547473855305	0.0
-0.6923945470065122	12.261975527123393	0.0
-0.667371066510077	12.265210228564296	0.0
-0.6422967404016494	12.268128297419494	0.0
-0.617222414293223	12.271046366274689	0.0
-0.5921480881847967	12.273964435129884	0.0
-0.567073762076369	12.276882503985082	0.0
-0.5419994359679426	12.279800572840276	0.0
-0.5168787184223763	12.282172353887628	0.0
-0.49171459804929074	12.284148819908587	0.0
-0.46655047767620506	12.286125285929547	0.0
-0.44138635730311804	12.288101751950508	0.0
-0.4162222369300324	12.29007821797147	0.0
-0.39105811655694533	12.292054683992431	0.0
-0.3658742450487127	12.29380844816406	0.0
-0.3406644944787896	12.295270415694404	0.0
-0.315454743908865	12.296732383224748	0.0
-0.2902449933389419	12.298194350755093	0.0
-0.2650352427690174	12.299656318285438	0.0
-0.23982549219909427	12.301118285815782	0.0
-0.21460314506621195	12.30234313818067	0.0
-0.18936599350984748	12.30328931505808	0.0
-0.16412367391661398	12.303979292925046	0.0
-0.13887785366629046	12.304495730063776	0.0
-0.11363203341596831	12.30501216720251	0.0
-0.08838621316564478	12.305528604341237	0.0
-0.06313594687803886	12.30579375775207	0.0
-0.03788098915274882	12.30579375775207	0.0
-0.012626031427457367	12.30579375775207	0.0
0.012628926297834079	12.30579375775207	0.0
0.03788388402312412	12.30579375775207	0.0
0.06313884174841418	12.30579375775207	0.0
0.08838910800625617	12.305528602659024	0.0
0.11363492825657841	12.305012165520292	0.0
0.1388807485069034	12.304495728381559	0.0
0.16412656875722562	12.303979291242829	0.0
0.18936888603420896	12.303289198550633	0.0
0.21460603759057212	12.30234302167322	0.0
0.2398283846341999	12.301118167628225	0.0
0.265038135204126	12.299656200097878	0.0
0.29024788577404925	12.298194232567536	0.0
0.3154576363439725	12.296732265037189	0.0
0.34066738691389575	12.295270297506846	0.0
0.36587713748381906	12.293808329976502	0.0
0.39106100884342093	12.29205456412897	0.0
0.4162251292165064	12.290078098108008	0.0
0.44138924958959197	12.288101632087049	0.0
0.4665533699626775	12.286125166066089	0.0
0.491717490335763	12.28414870004513	0.0
0.5168816107088513	12.282172234024168	0.0
0.5420023211016076	12.279800336668806	0.0
0.567076647210034	12.276882267813612	0.0
0.5921509733184606	12.273964198958417	0.0
0.6172252994268871	12.271046130103219	0.0
0.6422996255353163	12.268128061248024	0.0
0.6673739516437427	12.26520999239283	0.0
0.6923974318734187	12.261975289290728	0.0
0.7173898634746145	12.258547236022636	0.0
0.7423822950758103	12.255119182754546	0.0
0.767374726677009	12.251691129486456	0.0
0.7923671582782048	12.248263076218366	0.0
0.8173595898794006	12.244835022950276	0.0
0.8422873234631032	12.24107872066028	0.0
0.8671798708534244	12.237143899243893	0.0
0.8920715554179902	12.23320055098809	0.0
0.916920829834107	12.22883808621684	0.0
0.9417701042502241	12.22447562144559	0.0
0.9666193786663411	12.220113156674337	0.0
0.991389220877509	12.215411428829896	0.0
1.0161207464160584	12.210546046556919	0.0
1.0408522719546052	12.205680664283943	0.0
1.065583797493152	12.200815282010966	0.0
1.0903153230316986	12.19594989973799	0.0
1.1150468485702456	12.191084517465015	0.0
1.1396833514298041	12.185869506528068	0.0
1.1642794108243617	12.180505686961599	0.0
1.1888754702189197	12.17514186739513	0.0
1.2134715296134775	12.169778047828665	0.0
1.238067589008038	12.164414228262196	0.0
1.2626135763955282	12.158698111981186	0.0
1.2870377108145048	12.152549442883592	0.0
1.3114202728113462	12.146266739803316	0.0
1.3358028348081874	12.139984036723039	0.0
1.3601853968050315	12.133701333642765	0.0
1.3845679588018727	12.127418630562488	0.0
1.408950520798714	12.121135927482214	0.0
1.4332044246530138	12.114484995325205	0.0
1.4574166166768163	12.107714680838175	0.0
1.4816288087006215	12.100944366351145	0.0
1.5058410007244238	12.094174051864115	0.0
1.5300531927482266	12.087403737377084	0.0
1.5542653847720294	12.080633422890056	0.0
1.5783309363423104	12.073486734118298	0.0
1.6023062814186504	12.065966353278625	0.0
1.6262533648464366	12.058291994460378	0.0
1.6502004482742225	12.05061763564213	0.0
1.6741475317020085	12.042943276823884	0.0
1.6980946151297946	12.035268918005638	0.0
1.7218763447593382	12.027210867187922	0.0
1.7456190072075044	12.019062163690352	0.0
1.7693616696556704	12.010913460192784	0.0
1.793104332103837	12.002764756695214	0.0
1.8168469945520032	11.994616053197644	0.0
1.8405896570001725	11.986467349700074	0.0
1.864147557875542	11.97792850527346	0.0
1.8876691471049203	11.969312985491207	0.0
1.9111907363342986	11.960697465708956	0.0
1.9346703591187022	11.951895903688646	0.0
1.9580973666532198	11.942861092012539	0.0
1.9815243741877349	11.933826280336431	0.0
2.0047465565467095	11.924395787304903	0.0
2.027936115366914	11.914902272108227	0.0
2.0511256741871184	11.905408756911552	0.0
2.0743152330073253	11.895915241714874	0.0
2.0975047918275296	11.886421726518197	0.0
2.1206943506477343	11.876928211321522	0.0
2.143658405394587	11.867034420901104	0.0
2.1665944372477597	11.857090889161736	0.0
2.189530469100935	11.847147357422363	0.0
2.2124665009541076	11.837203825682995	0.0
2.2354025328072806	11.827260293943624	0.0
2.258310529840424	11.817212302222293	0.0
2.280888392067436	11.806449747692636	0.0
2.303443722316224	11.795650313166341	0.0
2.325999052565009	11.784850878640047	0.0
2.3485543828137945	11.774051444113752	0.0
2.37110971306258	11.763252009587461	0.0
2.3936650433113646	11.752452575061167	0.0
2.415951837171962	11.741246660635426	0.0
2.4382224557876344	11.73001626196018	0.0
2.460493074403307	11.718785863284937	0.0
2.4827636930189794	11.707555464609694	0.0
2.5050343116346516	11.696325065934449	0.0
2.5273049302503265	11.685094667259204	0.0
2.5492847491357438	11.67345624490617	0.0
2.5712479624713462	11.661780789848804	0.0
2.593090737530837	11.649719462776343	0.0
2.6149335125903295	11.637658135703884	0.0
2.63677628764982	11.625596808631425	0.0
2.658619062709311	11.613535481558966	0.0
2.680148339393253	11.601065667488408	0.0
2.701676643337068	11.588594585941761	0.0
2.7232049472808857	11.576123504395115	0.0
2.7447332512247007	11.56365242284847	0.0
2.766261555168516	11.551181341301824	0.0
2.7877820454176434	11.538700791821729	0.0
2.8089815797999287	11.525831336848357	0.0
2.8301811141822157	11.512961881874983	0.0
2.8513806485645015	11.500092426901613	0.0
2.8725801829467867	11.48722297192824	0.0
2.893654361505676	11.474002357599794	0.0
2.9146920415064024	11.460708528402895	0.0
2.9354044124584546	11.447047772230404	0.0
2.9561167834105038	11.433387016057914	0.0
2.9768291543625534	11.419726259885422	0.0
2.997541525314603	11.406065503712933	0.0
3.018253896266652	11.392404747540443	0.0
3.038938673356862	11.378715001539423	0.0
3.0592949299194454	11.364680115238066	0.0
3.079651186482029	11.350645228936711	0.0
3.1000074430446123	11.336610342635355	0.0
3.120363699607196	11.322575456333999	0.0
3.140719956169782	11.30854057003264	0.0
3.1610376959702227	11.294467983819946	0.0
3.180916280407917	11.27980255281254	0.0
3.2007426961199203	11.265007717685751	0.0
3.2205691118319235	11.250212882558966	0.0
3.240395527543929	11.235418047432177	0.0
3.2602219432559325	11.220623212305387	0.0
3.2799982809269452	11.20578271584904	0.0
3.2994430200264695	11.190639866677714	0.0
3.3188877591259938	11.175497017506387	0.0
3.3383324982255203	11.160354168335058	0.0
3.3577772373250445	11.145211319163732	0.0
3.3772219764245683	11.130068469992406	0.0
3.396636605167236	11.11489958361587	0.0
3.4158863329193228	11.09958818442935	0.0
3.4350985729773393	11.084245058378787	0.0
3.4541920666469026	11.068684494033096	0.0
3.4731607048345654	11.052893407704035	0.0
3.4920948291808283	11.037073656811291	0.0
3.5109948115000815	11.021225728336674	0.0
3.5298607003797082	11.005349835653178	0.0
3.548692284394345	10.989445978164795	0.0
3.567489353862103	10.973514158649994	0.0
3.586251699942968	10.957554382485752	0.0
3.604979114646336	10.941566657622204	0.0
3.623671391728634	10.925550995264826	0.0
3.642328325479822	10.9095074088678	0.0
3.6609497119432604	10.893435915067396	0.0
3.679535347990163	10.877336532913038	0.0
3.6980850313344527	10.861209283850375	0.0
3.7165425507535397	10.844942239489434	0.0
3.7348274090127833	10.828374930155006	0.0
3.7530757157488304	10.81177983459958	0.0
3.771287273507065	10.795156984649083	0.0
3.789461885664381	10.778506414359263	0.0
3.8075985640722183	10.761827573316541	0.0
3.8256975857906825	10.74512085857225	0.0
3.8437589709463884	10.72838647185116	0.0
3.8617825281625673	10.711624458727211	0.0
3.879768067804601	10.694834867494231	0.0
3.8977154010052	10.678017748426893	0.0
3.915624339699134	10.66117315378383	0.0
3.9334946975573755	10.644301138446512	0.0
3.951326288998792	10.627401759185789	0.0
3.9690983369875377	10.610437756940783	0.0
3.986644178821731	10.593107494732932	0.0
4.00415070403991	10.575750051462505	0.0
4.021617731073134	10.55836549193909	0.0
4.0390450800693465	10.540953883408852	0.0
4.056432571878833	10.52351529483326	0.0
4.0737800281034815	10.506049796904776	0.0
4.091087272048344	10.488557462662927	0.0
4.108354127694355	10.471038366779627	0.0
4.125578354950773	10.453491237177072	0.0
4.142760924038416	10.435916921666408	0.0
4.159902486716745	10.418316043721479	0.0
4.1770028720379	10.400688686993222	0.0
4.19406190966789	10.383034936607752	0.0
4.211079430274577	10.365354879397863	0.0
4.227853283260454	10.34731511176513	0.0
4.2445645935957295	10.329215054942255	0.0
4.261233884672301	10.311088961683017	0.0
4.277860990962481	10.292936925328055	0.0
4.294444330118919	10.274758182345048	0.0
4.310982637822804	10.256552185369117	0.0
4.327478179679229	10.238320513993479	0.0
4.34393079427914	10.220063268914217	0.0
4.360340320739066	10.201780552076432	0.0
4.376706599717074	10.183472467258472	0.0
4.393029472297978	10.16513911939856	0.0
4.409308780412805	10.146780614828913	0.0
4.425543632725813	10.12839664426105	0.0
4.441730680673222	10.10998552555845	0.0
4.457703925091179	10.091293327246808	0.0
4.473565260437027	10.072474266905706	0.0
4.489382166807888	10.053630592967572	0.0
4.50515449094622	10.034762420532115	0.0
4.520882080256408	10.015869865892881	0.0
4.536564213042299	9.996952741294479	0.0
4.5521966002578615	9.978008971975749	0.0
4.567783713951272	9.95904117344285	0.0
4.583325404104104	9.940049467427718	0.0
4.598821521212947	9.921033976726617	0.0
4.614271916261516	9.901994825178708	0.0
4.629676440691657	9.882932137644653	0.0
4.64503016098642	9.863843626967057	0.0
4.660336611723322	9.844731318170998	0.0
4.675465107649182	9.82541361064423	0.0
4.690427037888065	9.805906615169835	0.0
4.7053422756625825	9.786376727481372	0.0
4.7202100203879445	9.766823764164322	0.0
4.735025095676255	9.747245463738512	0.0
4.749792952864495	9.72764467463741	0.0
4.764513445355724	9.70802153119141	0.0
4.779186426551827	9.68837616850162	0.0
4.793811749803843	9.668708722418774	0.0
4.808383576071055	9.649016741027243	0.0
4.822906250950043	9.629302451480301	0.0
4.837380737407153	9.609566501491601	0.0
4.851806886893488	9.58980902997417	0.0
4.866184550951285	9.57003017668477	0.0
4.880418842861887	9.550115233599435	0.0
4.894426272796553	9.529952811839912	0.0
4.908384673105252	9.509769444430313	0.0
4.922293891340416	9.489565273526997	0.0
4.936153774702644	9.469340441995035	0.0
4.9500090079283	9.449113667276926	0.0
4.963864241153958	9.428886892558818	0.0
4.977719474379616	9.408660117840707	0.0
4.991574707605273	9.3884333431226	0.0
5.005429940830929	9.36820656840449	0.0
5.019285174056585	9.347979793686385	0.0
5.033140407282242	9.327753018968275	0.0
5.046995640507901	9.307526244250166	0.0
5.060850873733556	9.287299469532057	0.0
5.074667411039164	9.267027301802257	0.0
5.088243799701962	9.246473422973779	0.0
5.101820188364759	9.225919544145302	0.0
5.115396577027559	9.205365665316824	0.0
5.128972965690356	9.184811786488348	0.0
5.1425493543531555	9.16425790765987	0.0
5.156125743015954	9.143704028831394	0.0
5.1697021316787515	9.123150150002918	0.0
5.183278520341551	9.102596271174438	0.0
5.196854909004348	9.08204239234596	0.0
5.210431297667146	9.061488513517483	0.0
5.224007686329943	9.040934634689007	0.0
5.237584074992741	9.020380755860531	0.0
5.25116046365554	8.999826877032051	0.0
5.264736852318339	8.979272998203573	0.0
5.278036986959851	8.958420349279256	0.0
5.291321566599547	8.937550877543234	0.0
5.3046061462392435	8.916681405807214	0.0
5.317890725878942	8.895811934071189	0.0
5.331175305518639	8.874942462335166	0.0
5.3444598851583365	8.854072990599144	0.0
5.357744464798032	8.833203518863122	0.0
5.37102904443773	8.812334047127099	0.0
5.3843136240774285	8.791464575391075	0.0
5.397598203717125	8.770595103655053	0.0
5.410882783356823	8.749725631919029	0.0
5.424167362996519	8.728856160183009	0.0
5.4374519426362165	8.707986688446985	0.0
5.450736522275915	8.687117216710961	0.0
5.463791472990899	8.666018667278399	0.0
5.476771753911861	8.644845627297936	0.0
5.489752034832823	8.623672587317476	0.0
5.502732315753786	8.602499547337013	0.0
5.515712596674749	8.581326507356547	0.0
5.528692877595711	8.560153467376084	0.0
5.541673158516673	8.538980427395623	0.0
5.554653439437636	8.51780738741516	0.0
5.5676337203585975	8.496634347434698	0.0
5.580614001279561	8.475461307454232	0.0
5.593594282200524	8.454288267473771	0.0
5.606574563121485	8.433115227493309	0.0
5.619554844042446	8.411942187512848	0.0
5.632535124963408	8.390769147532385	0.0
5.645337478546982	8.369432380749439	0.0
5.658001466138547	8.347968291084154	0.0
5.6706654537301135	8.326504201418869	0.0
5.683329441321679	8.305040111753584	0.0
5.695993428913245	8.2835760220883	0.0
5.708657416504812	8.262111932423013	0.0
5.721321404096377	8.240647842757728	0.0
5.733985391687943	8.219183753092443	0.0
5.746649379279508	8.197719663427158	0.0
5.759313366871073	8.176255573761875	0.0
5.77197735446264	8.154791484096586	0.0
5.784641342054206	8.133327394431301	0.0
5.797305329645772	8.111863304766016	0.0
5.809969317237337	8.090399215100733	0.0
5.822511877514615	8.068832115876827	0.0
5.83484809176597	8.047089968615525	0.0
5.847184306017325	8.025347821354224	0.0
5.859520520268679	8.00360567409292	0.0
5.871856734520033	7.981863526831619	0.0
5.884192948771388	7.960121379570314	0.0
5.896529163022744	7.938379232309011	0.0
5.908865377274099	7.91663708504771	0.0
5.921201591525453	7.8948949377864075	0.0
5.933537805776807	7.873152790525104	0.0
5.945874020028164	7.8514106432638	0.0
5.958210234279518	7.829668496002498	0.0
5.970546448530873	7.807926348741196	0.0
5.9828826627822265	7.786184201479894	0.0
5.995158454980359	7.764394851619711	0.0
6.007155949158173	7.742388091242638	0.0
6.019153443335987	7.720381330865569	0.0
6.031150937513799	7.6983745704885	0.0
6.043148431691611	7.676367810111431	0.0
6.055145925869424	7.654361049734362	0.0
6.0671434200472385	7.632354289357291	0.0
6.079140914225051	7.610347528980223	0.0
6.091138408402864	7.588340768603153	0.0
6.103135902580678	7.566334008226082	0.0
6.11513339675849	7.544327247849014	0.0
6.127130890936304	7.5223204874719425	0.0
6.139128385114117	7.500313727094873	0.0
6.151125879291929	7.478306966717804	0.0
6.163123373469743	7.4563002063407335	0.0
6.1747765328378135	7.43404614153906	0.0
6.186424911296248	7.411788643044149	0.0
6.198073289754682	7.389531144549237	0.0
6.209721668213116	7.367273646054326	0.0
6.2213700466715505	7.345016147559416	0.0
6.233018425129983	7.3227586490645065	0.0
6.2446668035884185	7.300501150569593	0.0
6.256315182046852	7.278243652074683	0.0
6.267963560505286	7.255986153579771	0.0
6.279611938963718	7.233728655084862	0.0
6.291260317422153	7.211471156589952	0.0
6.302908695880587	7.1892136580950385	0.0
6.314557074339021	7.1669561596001286	0.0
6.326205452797455	7.144698661105218	0.0
6.337644630774074	7.1223017504943344	0.0
6.349029608150125	7.0998687203662	0.0
6.360414585526178	7.077435690238061	0.0
6.371799562902228	7.055002660109925	0.0
6.383184540278279	7.032569629981788	0.0
6.39456951765433	7.010136599853652	0.0
6.4059544950303815	6.987703569725517	0.0
6.417339472406433	6.965270539597379	0.0
6.428724449782484	6.942837509469244	0.0
6.440109427158537	6.920404479341107	0.0
6.4514944045345874	6.89797144921297	0.0
6.462879381910638	6.875538419084834	0.0
6.474264359286691	6.8531053889566955	0.0
6.485649336662743	6.830672358828559	0.0
6.497034314038793	6.808239328700423	0.0
6.508419291414845	6.785806298572286	0.0
6.519804268790898	6.763373268444148	0.0
6.5311892461669485	6.740940238316012	0.0
6.542574223542999	6.7185072081878765	0.0
6.55395920091905	6.69607417805974	0.0
6.565344178295102	6.673641147931604	0.0
6.5767291556711545	6.651208117803466	0.0
6.588114133047206	6.628775087675331	0.0
6.599499110423257	6.606342057547194	0.0
6.610884087799308	6.5839090274190575	0.0
6.622269065175359	6.561475997290922	0.0
6.633654042551411	6.539042967162783	0.0
6.644816295804368	6.516470637172178	0.0
6.655947312241262	6.493878770527342	0.0
6.667078328678154	6.471286903882506	0.0
6.678209345115047	6.448695037237669	0.0
6.68934036155194	6.426103170592831	0.0
6.7004713779888325	6.403511303947995	0.0
6.711602394425725	6.380919437303157	0.0
6.722733410862618	6.35832757065832	0.0
6.733864427299511	6.335735704013484	0.0
6.744995443736404	6.313143837368646	0.0
6.756126460173297	6.29055197072381	0.0
6.767257476610189	6.2679601040789725	0.0
6.778388493047082	6.245368237434136	0.0
6.789519509483975	6.2227763707893	0.0
6.800544928139023	6.200121857525468	0.0
6.811503437819487	6.177427650046811	0.0
6.822461947499951	6.154733442568155	0.0
6.833420457180416	6.132039235089497	0.0
6.844378966860881	6.109345027610839	0.0
6.855337476541346	6.08665082013218	0.0
6.866295986221811	6.063956612653523	0.0
6.877254495902275	6.041262405174866	0.0
6.88821300558274	6.018568197696208	0.0
6.8991715152632045	5.995873990217551	0.0
6.910130024943671	5.9731797827388915	0.0
6.921088534624134	5.950485575260235	0.0
6.932047044304599	5.927791367781578	0.0
6.9430055539850635	5.905097160302921	0.0
6.953964063665528	5.882402952824264	0.0
6.964758111234444	5.859615316525928	0.0
6.975542218467436	5.836822033250042	0.0
6.986326325700431	5.814028749974155	0.0
6.997110432933424	5.791235466698269	0.0
7.007894540166419	5.768442183422382	0.0
7.018678647399413	5.745648900146493	0.0
7.029462754632406	5.722855616870607	0.0
7.0402468618654	5.70006233359472	0.0
7.051030969098394	5.677269050318833	0.0
7.0618150763313885	5.654475767042946	0.0
7.072599183564383	5.631682483767057	0.0
7.083383290797376	5.608889200491171	0.0
7.094167398030371	5.5860959172152835	0.0
7.104951505263364	5.563302633939397	0.0
7.115735612496358	5.540509350663511	0.0
7.126360992974589	5.517629807319299	0.0
7.13696886385912	5.4947407483849116	0.0
7.1475767347436525	5.471851689450524	0.0
7.1581846056281835	5.448962630516137	0.0
7.168792476512715	5.4260735715817505	0.0
7.179400347397248	5.403184512647362	0.0
7.190008218281779	5.380295453712974	0.0
7.200616089166312	5.357406394778586	0.0
7.211223960050844	5.3345173358441995	0.0
7.221831830935374	5.311628276909813	0.0
7.232439701819907	5.288739217975424	0.0
7.243047572704438	5.265850159041037	0.0
7.25365544358897	5.24296110010665	0.0
7.264263314473503	5.220072041172263	0.0
7.274871185358035	5.197182982237873	0.0
7.285391212280469	5.174248304882204	0.0
7.295821075355343	5.151266804360958	0.0
7.3062509384302174	5.12828530383971	0.0
7.3166808015050915	5.105303803318463	0.0
7.327110664579967	5.082322302797213	0.0
7.3375405276548396	5.059340802275966	0.0
7.347970390729713	5.03635930175472	0.0
7.358400253804588	5.013377801233473	0.0
7.368830116879461	4.990396300712225	0.0
7.379259979954336	4.967414800190975	0.0
7.38968984302921	4.944433299669728	0.0
7.400119706104084	4.921451799148481	0.0
7.410549569178956	4.898470298627234	0.0
7.420979432253831	4.8754887981059865	0.0
7.431409295328706	4.852507297584737	0.0
7.441839158403579	4.829525797063491	0.0
7.452140256506427	4.806480475310668	0.0
7.462390403377864	4.783409900025865	0.0
7.4726405502493005	4.760339324741063	0.0
7.4828906971207365	4.737268749456258	0.0
7.4931408439921725	4.7141981741714565	0.0
7.5033909908636085	4.691127598886654	0.0
7.5136411377350445	4.668057023601852	0.0
7.5238912846064805	4.64498644831705	0.0
7.534141431477917	4.621915873032245	0.0
7.544391578349353	4.598845297747443	0.0
7.5546417252207885	4.575774722462642	0.0
7.564891872092225	4.552704147177838	0.0
7.575142018963661	4.5296335718930365	0.0
7.585392165835098	4.506562996608233	0.0
7.595642312706534	4.483492421323431	0.0
7.605892459577969	4.46042184603863	0.0
7.616041768895876	4.437303634270268	0.0
7.626110554842788	4.41414738260403	0.0
7.636179340789702	4.390991130937788	0.0
7.642324467800609	4.366958539822429	0.0
7.647445088248416	4.342697127718354	0.0
7.652565708696222	4.31843571561428	0.0
7.6576863291440285	4.294174303510205	0.0
7.662806949591834	4.269912891406127	0.0
7.66792757003964	4.2456514793020546	0.0
7.673048190487447	4.22139006719798	0.0
7.678168810935252	4.197128655093904	0.0
7.683289431383059	4.17286724298983	0.0
7.688410051830866	4.148605830885751	0.0
7.693530672278672	4.124344418781676	0.0
7.698651292726478	4.100083006677602	0.0
7.703771913174284	4.075821594573528	0.0
7.70889253362209	4.051560182469451	0.0
7.713831660301588	4.027217173549445	0.0
7.718769339359195	4.002873513800834	0.0
7.723707018416801	3.978529854052221	0.0
7.728644697474407	3.954186194303607	0.0
7.733582376532013	3.9298425345549926	0.0
7.738520055589619	3.9054988748063786	0.0
7.743457734647225	3.881155215057765	0.0
7.748395413704832	3.8568115553091507	0.0
7.753333092762437	3.8324678955605376	0.0
7.758270771820043	3.808124235811923	0.0
7.76320845087765	3.78378057606331	0.0
7.768146129935255	3.759436916314697	0.0
7.773083808992863	3.7350932565660844	0.0
7.7780214880504674	3.7107495968174717	0.0
7.782959167108074	3.6864059370688564	0.0
7.78789684616568	3.662062277320242	0.0
7.792834525223286	3.6377186175716294	0.0
