x	y	z
-7.792834525223286	12.603300828639874	0.0
-7.787806349184626	12.627604319694504	0.0
-7.7827781731459655	12.651907810749135	0.0
-7.777749997107305	12.676211301803765	0.0
-7.772721821068645	12.700514792858394	0.0
-7.767693645029984	12.724818283913025	0.0
-7.762665468991323	12.749121774967655	0.0
-7.757637292952664	12.773425266022286	0.0
-7.752609116914003	12.797728757076916	0.0
-7.747580940875342	12.822032248131546	0.0
-7.742552764836682	12.846335739186177	0.0
-7.737524588798021	12.870639230240808	0.0
-7.73249641275936	12.894942721295438	0.0
-7.7274682367207	12.919246212350068	0.0
-7.72244006068204	12.943549703404699	0.0
-7.717411884643379	12.96785319445933	0.0
-7.712383708604718	12.99215668551396	0.0
-7.707355532566058	13.01646017656859	0.0
-7.702327356527398	13.04076366762322	0.0
-7.697299180488737	13.06506715867785	0.0
-7.692271004450077	13.08937064973248	0.0
-7.687242828411416	13.113674140787111	0.0
-7.682214652372756	13.137977631841743	0.0
-7.677186476334096	13.162281122896372	0.0
-7.672158300295435	13.186584613951002	0.0
-7.667130124256775	13.210888105005633	0.0
-7.6621019482181145	13.235191596060265	0.0
-7.657073772179454	13.259495087114892	0.0
-7.652045596140793	13.283798578169524	0.0
-7.647017420102133	13.308102069224155	0.0
-7.641989244063471	13.332405560278785	0.0
-7.635936561461694	13.356480230344694	0.0
-7.625960219923929	13.379678560961487	0.0
-7.615983878386162	13.40287689157828	0.0
-7.605885561764851	13.4260183096175	0.0
-7.595635414893415	13.449088884902302	0.0
-7.585385268021979	13.472159460187104	0.0
-7.575135121150543	13.495230035471907	0.0
-7.564884974279107	13.518300610756711	0.0
-7.554634827407671	13.541371186041513	0.0
-7.5443846805362345	13.564441761326316	0.0
-7.534134533664798	13.587512336611118	0.0
-7.523884386793362	13.610582911895921	0.0
-7.513634239921926	13.633653487180723	0.0
-7.50338409305049	13.656724062465528	0.0
-7.493133946179053	13.67979463775033	0.0
-7.482883799307617	13.702865213035132	0.0
-7.47263365243618	13.725935788319935	0.0
-7.462383505564744	13.749006363604739	0.0
-7.452133358693307	13.77207693888954	0.0
-7.441831993552881	13.795122128287524	0.0
-7.431402130478007	13.818103628808773	0.0
-7.420972267403133	13.841085129330022	0.0
-7.410542404328259	13.864066629851267	0.0
-7.400112541253385	13.887048130372516	0.0
-7.389682678178511	13.910029630893764	0.0
-7.379252815103636	13.933011131415011	0.0
-7.368822952028764	13.955992631936258	0.0
-7.358393088953889	13.978974132457507	0.0
-7.347963225879016	14.001955632978756	0.0
-7.337533362804141	14.024937133500003	0.0
-7.327103499729267	14.04791863402125	0.0
-7.316673636654393	14.070900134542498	0.0
-7.306243773579519	14.093881635063745	0.0
-7.295813910504646	14.116863135584993	0.0
-7.285384047429771	14.139844636106242	0.0
-7.274863756008234	14.162779176104358	0.0
-7.264255885123702	14.185668235038747	0.0
-7.25364801423917	14.208557293973136	0.0
-7.243040143354638	14.231446352907522	0.0
-7.232432272470106	14.254335411841911	0.0
-7.2218244015855735	14.277224470776298	0.0
-7.211216530701042	14.300113529710686	0.0
-7.200608659816511	14.323002588645075	0.0
-7.190000788931978	14.34589164757946	0.0
-7.179392918047446	14.36878070651385	0.0
-7.168785047162914	14.391669765448237	0.0
-7.158177176278382	14.414558824382624	0.0
-7.1475693053938505	14.437447883317013	0.0
-7.136961434509318	14.4603369422514	0.0
-7.126353563624786	14.483226001185788	0.0
-7.115727921279642	14.5061054022184	0.0
-7.104943814046648	14.528898685494287	0.0
-7.094159706813653	14.551691968770175	0.0
-7.083375599580661	14.574485252046061	0.0
-7.072591492347666	14.597278535321948	0.0
-7.0618073851146725	14.620071818597836	0.0
-7.0510232778816775	14.642865101873724	0.0
-7.040239170648684	14.665658385149609	0.0
-7.02945506341569	14.688451668425499	0.0
-7.018670956182697	14.711244951701385	0.0
-7.007886848949703	14.734038234977271	0.0
-6.997102741716708	14.756831518253158	0.0
-6.986318634483715	14.779624801529046	0.0
-6.97553452725072	14.802418084804934	0.0
-6.964750420017726	14.82521136808082	0.0
-6.953956113306863	14.847998857163931	0.0
-6.942997603626398	14.87069306464259	0.0
-6.932039093945933	14.893387272121247	0.0
-6.921080584265468	14.916081479599905	0.0
-6.910122074585003	14.93877568707856	0.0
-6.899163564904538	14.961469894557219	0.0
-6.8882050552240734	14.984164102035876	0.0
-6.877246545543609	15.006858309514534	0.0
-6.866288035863144	15.029552516993194	0.0
-6.855329526182679	15.05224672447185	0.0
-6.8443710165022145	15.07494093195051	0.0
-6.83341250682175	15.097635139429165	0.0
-6.8224539971412845	15.120329346907825	0.0
-6.81149548746082	15.143023554386481	0.0
-6.800536977780355	15.16571776186514	0.0
-6.789511302800137	15.18837212306228	0.0
-6.7783802863632445	15.210963989707116	0.0
-6.767249269926352	15.233555856351952	0.0
-6.756118253489459	15.25614772299679	0.0
-6.744987237052566	15.278739589641628	0.0
-6.733856220615674	15.301331456286462	0.0
-6.72272520417878	15.3239233229313	0.0
-6.711594187741888	15.34651518957614	0.0
-6.700463171304995	15.369107056220974	0.0
-6.689332154868102	15.391698922865812	0.0
-6.678201138431209	15.41429078951065	0.0
-6.667070121994317	15.436882656155486	0.0
-6.655939105557423	15.459474522800322	0.0
-6.644808089120531	15.48206638944516	0.0
-6.633655841877407	15.504645114321235	0.0
-6.622354275493546	15.527131411354587	0.0
-6.611052709109685	15.549617708387938	0.0
-6.5997511427258235	15.572104005421288	0.0
-6.5884495763419615	15.594590302454638	0.0
-6.5771480099581	15.617076599487989	0.0
-6.565846443574237	15.63956289652134	0.0
-6.554544877190376	15.66204919355469	0.0
-6.543243310806515	15.68453549058804	0.0
-6.531941744422653	15.707021787621391	0.0
-6.520640178038791	15.729508084654743	0.0
-6.50933861165493	15.751994381688093	0.0
-6.498037045271068	15.774480678721442	0.0
-6.486735478887207	15.796966975754794	0.0
-6.475376206084324	15.819416023757476	0.0
-6.463904204022271	15.841792305927463	0.0
-6.45243220196022	15.864168588097453	0.0
-6.440960199898168	15.886544870267437	0.0
-6.429488197836117	15.908921152437424	0.0
-6.418016195774066	15.931297434607412	0.0
-6.406544193712014	15.9536737167774	0.0
-6.3950721916499615	15.976049998947387	0.0
-6.38360018958791	15.998426281117373	0.0
-6.372128187525859	16.02080256328736	0.0
-6.360656185463807	16.043178845457348	0.0
-6.349184183401754	16.065555127627334	0.0
-6.337712181339702	16.087931409797324	0.0
-6.326203838804419	16.11028321785936	0.0
-6.314555460345985	16.13254071635427	0.0
-6.302907081887551	16.154798214849187	0.0
-6.291258703429117	16.177055713344096	0.0
-6.279610324970684	16.199313211839005	0.0
-6.26796194651225	16.22157071033392	0.0
-6.256313568053816	16.24382820882883	0.0
-6.2446651895953815	16.26608570732374	0.0
-6.233016811136949	16.288343205818652	0.0
-6.2213684326785135	16.31060070431356	0.0
-6.20972005422008	16.332858202808474	0.0
-6.198071675761645	16.355115701303383	0.0
-6.186423297303212	16.377373199798292	0.0
-6.174774918844778	16.399630698293205	0.0
-6.163121666193982	16.421884696098374	0.0
-6.15112417201617	16.44389145647544	0.0
-6.139126677838356	16.46589821685251	0.0
-6.127129183660544	16.487904977229583	0.0
-6.11513168948273	16.50991173760665	0.0
-6.103134195304918	16.53191849798372	0.0
-6.0911367011271045	16.553925258360792	0.0
-6.079139206949291	16.57593201873786	0.0
-6.067141712771478	16.59793877911493	0.0
-6.055144218593665	16.619945539492	0.0
-6.043146724415851	16.641952299869068	0.0
-6.0311492302380385	16.663959060246142	0.0
-6.019151736060225	16.68596582062321	0.0
-6.007154241882413	16.707972581000277	0.0
-5.995156747704599	16.72997934137735	0.0
-5.982880865001431	16.751768620533664	0.0
-5.9705446507500755	16.773510767794967	0.0
-5.958208436498721	16.79525291505627	0.0
-5.945872222247366	16.816995062317574	0.0
-5.933536007996011	16.838737209578873	0.0
-5.921199793744655	16.86047935684018	0.0
-5.908863579493301	16.88222150410148	0.0
-5.896527365241947	16.903963651362783	0.0
-5.884191150990591	16.925705798624087	0.0
-5.871854936739236	16.94744794588539	0.0
-5.8595187224878815	16.969190093146693	0.0
-5.847182508236527	16.990932240407993	0.0
-5.834846293985172	17.0126743876693	0.0
-5.822510079733816	17.0344165349306	0.0
-5.809967431876439	17.055983559858305	0.0
-5.797303444284873	17.077447649523595	0.0
-5.7846394566933075	17.09891173918888	0.0
-5.771975469101742	17.120375828854165	0.0
-5.759311481510175	17.14183991851945	0.0
-5.746647493918609	17.16330400818474	0.0
-5.733983506327044	17.18476809785002	0.0
-5.721319518735477	17.206232187515305	0.0
-5.708655531143912	17.22769627718059	0.0
-5.6959915435523465	17.249160366845878	0.0
-5.683327555960779	17.27062445651116	0.0
-5.670663568369214	17.292088546176448	0.0
-5.657999580777648	17.313552635841734	0.0
-5.645335593186084	17.335016725507018	0.0
-5.632533155089836	17.35635341452232	0.0
-5.619552874168873	17.377526454502785	0.0
-5.606572593247909	17.398699494483246	0.0
-5.5935923123269475	17.419872534463707	0.0
-5.580612031405986	17.441045574444175	0.0
-5.567631750485023	17.462218614424636	0.0
-5.554651469564061	17.483391654405096	0.0
-5.5416711886430985	17.50456469438556	0.0
-5.528690907722137	17.52573773436602	0.0
-5.515710626801173	17.546910774346486	0.0
-5.50273034588021	17.568083814326947	0.0
-5.4897500649592486	17.58925685430741	0.0
-5.476769784038287	17.610429894287876	0.0
-5.463789503117324	17.631602934268336	0.0
-5.450734471094591	17.652701402588328	0.0
-5.437449891454893	17.673570874324355	0.0
-5.424165311815197	17.694440346060375	0.0
-5.410880732175499	17.715309817796403	0.0
-5.397596152535803	17.736179289532423	0.0
-5.384311572896105	17.757048761268443	0.0
-5.3710269932564065	17.77791823300447	0.0
-5.35774241361671	17.79878770474049	0.0
-5.344457833977013	17.81965717647651	0.0
-5.331173254337315	17.840526648212535	0.0
-5.317888674697619	17.86139611994856	0.0
-5.304604095057921	17.88226559168458	0.0
-5.291319515418224	17.903135063420606	0.0
-5.278034935778526	17.924004535156627	0.0
-5.264734723166478	17.94485709975542	0.0
-5.251158334503679	17.965410978583897	0.0
-5.237581945840881	17.985964857412377	0.0
-5.224005557178082	18.006518736240853	0.0
-5.210429168515284	18.02707261506933	0.0
-5.1968527798524855	18.04762649389781	0.0
-5.183276391189688	18.068180372726285	0.0
-5.1697000025268895	18.08873425155476	0.0
-5.156123613864092	18.10928813038324	0.0
-5.142547225201293	18.129842009211714	0.0
-5.128970836538495	18.150395888040194	0.0
-5.115394447875695	18.170949766868674	0.0
-5.101818059212897	18.19150364569715	0.0
-5.088241670550099	18.212057524525626	0.0
-5.0746652818873015	18.232611403354106	0.0
-5.060848670075223	18.25288348368262	0.0
-5.046993436849565	18.27311025840073	0.0
-5.033138203623909	18.29333703311884	0.0
-5.019282970398251	18.31356380783695	0.0
-5.005427737172595	18.333790582555057	0.0
-4.991572503946938	18.354017357273165	0.0
-4.977717270721281	18.374244131991276	0.0
-4.963862037495624	18.39447090670938	0.0
-4.950006804269966	18.41469768142749	0.0
-4.93615157104431	18.4349244561456	0.0
-4.922291687682082	18.45514928767756	0.0
-4.9083824694469165	18.47535345858088	0.0
-4.894424069138219	18.495536825990477	0.0
-4.88041663920355	18.515699247750003	0.0
-4.866182276371764	18.535614100500492	0.0
-4.851804612313968	18.55539295378989	0.0
-4.8373784628276315	18.57515042530732	0.0
-4.822903976370522	18.59488637529602	0.0
-4.808381301491534	18.614600664842964	0.0
-4.79380947522432	18.634292646234492	0.0
-4.779184151972305	18.65396009231734	0.0
-4.764511170776201	18.673605455007127	0.0
-4.749790678284972	18.693228598453132	0.0
-4.735022821096731	18.712829387554233	0.0
-4.7202077458084215	18.73240768798004	0.0
-4.705340001083058	18.75196065129709	0.0
-4.690424763308542	18.771490538985553	0.0
-4.675462833069659	18.790997534459947	0.0
-4.660334269923285	18.810315148865286	0.0
-4.645027819186385	18.82942745766134	0.0
-4.629674098891621	18.848515968338937	0.0
-4.614269574461481	18.86757865587299	0.0
-4.598819179412911	18.8866178074209	0.0
-4.5833230623040695	18.905633298121998	0.0
-4.567781372151237	18.924625004137134	0.0
-4.552194258457823	18.943592802670032	0.0
-4.536561871242262	18.962536571988764	0.0
-4.520879738456371	18.981453696587163	0.0
-4.50515214914618	19.0003462512264	0.0
-4.489379825007848	19.019214423661857	0.0
-4.473562918636986	19.038058097599993	0.0
-4.45770158329114	19.05687715794109	0.0
-4.441728275462711	19.075569260496213	0.0
-4.425541227515301	19.09398037919882	0.0
-4.409306375202292	19.11236434976668	0.0
-4.393027067087464	19.130722854336327	0.0
-4.37670419450656	19.14905620219624	0.0
-4.360337915528553	19.1673642870142	0.0
-4.343928389068626	19.185647003851983	0.0
-4.327475774468715	19.203904248931245	0.0
-4.310980232612289	19.222135920306883	0.0
-4.294441924908405	19.240341917282812	0.0
-4.277858585751965	19.25852066026582	0.0
-4.261231479461784	19.276672696620786	0.0
-4.244562188385214	19.29479878988002	0.0
-4.227850878049936	19.312898846702893	0.0
-4.211076965566795	19.33093851609982	0.0
-4.194059444960109	19.348618573309707	0.0
-4.177000407330118	19.366272323695178	0.0
-4.159900022008962	19.38389968042344	0.0
-4.142758459330632	19.401500558368365	0.0
-4.125575890242991	19.419074873879026	0.0
-4.108351662986573	19.43662200348158	0.0
-4.091084807340562	19.454141099364882	0.0
-4.073777563395698	19.47163343360673	0.0
-4.056430107171047	19.489098931535217	0.0
-4.039042615361564	19.506537520110808	0.0
-4.021615266365347	19.523949128641046	0.0
-4.004148239332124	19.541333688164464	0.0
-3.986641714113944	19.558691131434887	0.0
-3.969095872279749	19.57602139364274	0.0
-3.951323768803745	19.592985295332472	0.0
-3.933492177362328	19.609884674593197	0.0
-3.9156218195040844	19.626756689930517	0.0
-3.89771288081015	19.643601284573577	0.0
-3.8797655476095523	19.660418403640918	0.0
-3.8617800079675186	19.677207994873896	0.0
-3.8437564507513384	19.693970007997844	0.0
-3.8256950655956334	19.71070439471893	0.0
-3.8075960438771674	19.727411109463226	0.0
-3.789459365469332	19.74408995050595	0.0
-3.771284753312016	19.760740520795764	0.0
-3.7530731955537795	19.777363370746265	0.0
-3.734824888817732	19.79395846630169	0.0
-3.716540030558488	19.810525775636115	0.0
-3.6980824597524244	19.826792717285922	0.0
-3.6795327764081347	19.84291996634859	0.0
-3.660947140361231	19.859019348502947	0.0
-3.6423257538977922	19.875090842303347	0.0
-3.623668820146603	19.891134428700372	0.0
-3.604976543064308	19.90715009105775	0.0
-3.5862491283609383	19.923137815921297	0.0
-3.567486782280072	19.939097592085542	0.0
-3.548689712812314	19.955029411600343	0.0
-3.529858128797677	19.970933269088725	0.0
-3.510992239918053	19.98680916177222	0.0
-3.4920922575987987	20.002657090246835	0.0
-3.4731581332525354	20.01847684113958	0.0
-3.454189495064872	20.03426792746864	0.0
-3.435095954192218	20.04982838711444	0.0
-3.415865442971457	20.06515607025375	0.0
-3.3966308493346196	20.080480313728593	0.0
-3.377219326226305	20.09565183442827	0.0
-3.3577745871267806	20.1107946835996	0.0
-3.3383298480272554	20.125937532770926	0.0
-3.318885108927731	20.141080381942256	0.0
-3.2994403698282064	20.156223231113582	0.0
-3.279995630728681	20.17136608028491	0.0
-3.2602192918144137	20.18620657560765	0.0
-3.2403928761024092	20.201001410734442	0.0
-3.2205664603904056	20.215796245861227	0.0
-3.200740044678403	20.230591080988013	0.0
-3.1809136289663984	20.245385916114806	0.0
-3.161035001586299	20.26005124060391	0.0
-3.140717260583483	20.27412382563973	0.0
-3.1203610040208996	20.288158711941087	0.0
-3.100004747458315	20.302193598242447	0.0
-3.079648490895731	20.3162284845438	0.0
-3.0592922343331472	20.330263370845156	0.0
-3.0389359777705622	20.344298257146512	0.0
-3.018251199520366	20.35798800192886	0.0
-2.9975388285683158	20.37164875810135	0.0
-2.976826457616266	20.385309514273843	0.0
-2.9561140866642166	20.398970270446327	0.0
-2.9354017157121666	20.41263102661882	0.0
-2.914689344760117	20.42629178279131	0.0
-2.8936516636432366	20.439585610729267	0.0
-2.8725774464724947	20.4528061168943	0.0
-2.8513779120902094	20.465675571867678	0.0
-2.830178377707923	20.478545026841047	0.0
-2.8089788433256375	20.491414481814417	0.0
-2.7877793089433514	20.50428393678779	0.0
-2.7662588176233065	20.516764484970242	0.0
-2.744730513679491	20.52923556651689	0.0
-2.723202209735675	20.541706648063535	0.0
-2.7016739057918597	20.55417772961018	0.0
-2.6801456018480434	20.566648811156828	0.0
-2.6586163241397585	20.579118623892672	0.0
-2.6367735490802686	20.591179950965135	0.0
-2.614930774020777	20.603241278037594	0.0
-2.5930879989612863	20.61530260511005	0.0
-2.5712452239017947	20.62736393218251	0.0
-2.549281976347711	20.63903927760733	0.0
-2.5273021564858085	20.65067769859025	0.0
-2.5050315378701353	20.6619080972655	0.0
-2.482760919254463	20.67313849594074	0.0
-2.460490300638789	20.684368894615986	0.0
-2.438219682023117	20.69559929329123	0.0
-2.415949063407445	20.706829691966476	0.0
-2.393662268619443	20.718035604988415	0.0
-2.371106938370658	20.72883503951471	0.0
-2.3485516081218716	20.739634474041004	0.0
-2.325996277873086	20.750433908567295	0.0
-2.3034409476242996	20.76123334309359	0.0
-2.2808856173755143	20.772032777619884	0.0
-2.258307754271337	20.78279533071381	0.0
-2.2353997274687556	20.792843211511844	0.0
-2.2124636956155825	20.80278674325121	0.0
-2.1895276637624086	20.81273027499058	0.0
-2.166591631909235	20.822673806729952	0.0
-2.1436556000560625	20.83261733846932	0.0
-2.1206915444833823	20.842511127423876	0.0
-2.0975019856631776	20.85200464262055	0.0
-2.074312426842972	20.86149815781723	0.0
-2.0511228680227678	20.870991673013904	0.0
-2.027933309202563	20.88048518821058	0.0
-2.0047437503823575	20.88997870340726	0.0
-1.981521567249929	20.899409194944628	0.0
-1.9580945597154125	20.908444006620734	0.0
-1.9346675521808976	20.917478818296843	0.0
-1.9111879041245352	20.926280268283556	0.0
-1.8876663148951551	20.93489578806581	0.0
-1.8641447256657768	20.94351130784806	0.0
-1.8405868240702934	20.95205015075409	0.0
-1.816844161622127	20.960198854251665	0.0
-1.79310149917396	20.968347557749233	0.0
-1.7693588367257924	20.9764962612468	0.0
-1.7456161742776257	20.98464496474437	0.0
-1.721873511829458	20.99279366824194	0.0
-1.6980917815340468	21.00085171751455	0.0
-1.6741446981062593	21.008526076332796	0.0
-1.650197614678473	21.016200435151042	0.0
-1.6262505312506867	21.02387479396929	0.0
-1.6023034478228992	21.031549152787537	0.0
-1.5783280820131977	21.039069420665594	0.0
-1.5542625298321202	21.04621610786966	0.0
-1.5300503378083177	21.05298642235669	0.0
-1.505838145784515	21.059756736843717	0.0
-1.4816259537607108	21.06652705133075	0.0
-1.4574137617369083	21.07329736581778	0.0
-1.4332015697131042	21.080067680304808	0.0
-1.40894766530385	21.086718610873497	0.0
-1.384565103307009	21.09300131395377	0.0
-1.3601825413101662	21.099284017034048	0.0
-1.3357999793133253	21.105566720114325	0.0
-1.3114174173164825	21.1118494231946	0.0
-1.2870348553196416	21.118132126274872	0.0
-1.2626107204022454	21.124280793765507	0.0
-1.238064716853717	21.129996796340674	0.0
-1.213468657459159	21.13536061590714	0.0
-1.1888725980645998	21.140724435473608	0.0
-1.1642765386700418	21.146088255040073	0.0
-1.1396804792754835	21.151452074606542	0.0
-1.1150439759746655	21.156667083919906	0.0
-1.0903124504361186	21.161532466192885	0.0
-1.0655809248975703	21.166397848465856	0.0
-1.0408493993590233	21.171263230738834	0.0
-1.0161178738204764	21.176128613011812	0.0
-0.9913863482819282	21.180993995284787	0.0
-0.9666165056872108	21.18569572149105	0.0
-0.9417672312710922	21.190058186262306	0.0
-0.916917956854975	21.194420651033557	0.0
-0.8920686824388578	21.198783115804808	0.0
-0.8671769863118785	21.202726349795523	0.0
-0.8422844389215571	21.20666117121191	0.0
-0.817356705012495	21.210417471851187	0.0
-0.7923642734112991	21.213845525119275	0.0
-0.7673718418101017	21.21727357838737	0.0
-0.7423794102089055	21.22070163165546	0.0
-0.7173869786077095	21.224129684923547	0.0
-0.6923945470065122	21.22755773819164	0.0
-0.667371066510077	21.23079243963254	0.0
-0.6422967404016494	21.23371050848774	0.0
-0.617222414293223	21.236628577342934	0.0
-0.5921480881847967	21.23954664619813	0.0
-0.567073762076369	21.242464715053327	0.0
-0.5419994359679426	21.245382783908518	0.0
-0.5168787184223763	21.247754564955873	0.0
-0.49171459804929074	21.249731030976832	0.0
-0.46655047767620506	21.251707496997795	0.0
-0.44138635730311804	21.25368396301875	0.0
-0.4162222369300324	21.255660429039715	0.0
-0.39105811655694533	21.257636895060678	0.0
-0.3658742450487127	21.259390659232306	0.0
-0.3406644944787896	21.26085262676265	0.0
-0.315454743908865	21.26231459429299	0.0
-0.2902449933389419	21.263776561823338	0.0
-0.2650352427690174	21.26523852935368	0.0
-0.23982549219909427	21.266700496884027	0.0
-0.21460314506621195	21.267925349248912	0.0
-0.18936599350984748	21.268871526126325	0.0
-0.16412367391661398	21.269561503993287	0.0
-0.13887785366629046	21.27007794113202	0.0
-0.11363203341596831	21.27059437827075	0.0
-0.08838621316564478	21.271110815409486	0.0
-0.06313594687803886	21.271375968820315	0.0
-0.03788098915274882	21.271375968820315	0.0
-0.012626031427457367	21.271375968820315	0.0
0.012628926297834079	21.271375968820315	0.0
0.03788388402312412	21.271375968820315	0.0
0.06313884174841418	21.271375968820315	0.0
0.08838910800625617	21.27111081372727	0.0
0.11363492825657841	21.270594376588534	0.0
0.1388807485069034	21.270077939449802	0.0
0.16412656875722562	21.26956150231107	0.0
0.18936888603420896	21.268871409618875	0.0
0.21460603759057212	21.26792523274147	0.0
0.2398283846341999	21.26670037869647	0.0
0.265038135204126	21.265238411166123	0.0
0.29024788577404925	21.26377644363578	0.0
0.3154576363439725	21.262314476105438	0.0
0.34066738691389575	21.26085250857509	0.0
0.36587713748381906	21.259390541044745	0.0
0.39106100884342093	21.257636775197213	0.0
0.4162251292165064	21.255660309176257	0.0
0.44138924958959197	21.253683843155294	0.0
0.4665533699626775	21.251707377134334	0.0
0.491717490335763	21.24973091111337	0.0
0.5168816107088513	21.24775444509241	0.0
0.5420023211016076	21.24538254773705	0.0
0.567076647210034	21.242464478881857	0.0
0.5921509733184606	21.239546410026662	0.0
0.6172252994268871	21.236628341171464	0.0
0.6422996255353163	21.233710272316266	0.0
0.6673739516437427	21.230792203461075	0.0
0.6923974318734187	21.22755750035897	0.0
0.7173898634746145	21.22412944709088	0.0
0.7423822950758103	21.22070139382279	0.0
0.767374726677009	21.2172733405547	0.0
0.7923671582782048	21.21384528728661	0.0
0.8173595898794006	21.21041723401852	0.0
0.8422873234631032	21.206660931728525	0.0
0.8671798708534244	21.202726110312135	0.0
0.8920715554179902	21.198782762056336	0.0
0.916920829834107	21.194420297285085	0.0
0.9417701042502241	21.190057832513837	0.0
0.9666193786663411	21.185695367742582	0.0
0.991389220877509	21.180993639898137	0.0
1.0161207464160584	21.176128257625166	0.0
1.0408522719546052	21.171262875352188	0.0
1.065583797493152	21.16639749307921	0.0
1.0903153230316986	21.161532110806235	0.0
1.1150468485702456	21.15666672853326	0.0
1.1396833514298041	21.15145171759631	0.0
1.1642794108243617	21.146087898029844	0.0
1.1888754702189197	21.140724078463375	0.0
1.2134715296134775	21.13536025889691	0.0
1.238067589008038	21.12999643933044	0.0
1.2626135763955282	21.124280323049433	0.0
1.2870377108145048	21.118131653951835	0.0
1.3114202728113462	21.11184895087156	0.0
1.3358028348081874	21.105566247791284	0.0
1.3601853968050315	21.09928354471101	0.0
1.3845679588018727	21.093000841630733	0.0
1.408950520798714	21.08671813855046	0.0
1.4332044246530138	21.08006720639345	0.0
1.4574166166768163	21.07329689190642	0.0
1.4816288087006215	21.06652657741939	0.0
1.5058410007244238	21.05975626293236	0.0
1.5300531927482266	21.052985948445333	0.0
1.5542653847720294	21.0462156339583	0.0
1.5783309363423104	21.039068945186543	0.0
1.6023062814186504	21.03154856434687	0.0
1.6262533648464366	21.02387420552862	0.0
1.6502004482742225	21.01619984671038	0.0
1.6741475317020085	21.00852548789213	0.0
1.6980946151297946	21.000851129073883	0.0
1.7218763447593382	20.992793078256167	0.0
1.7456190072075044	20.984644374758595	0.0
1.7693616696556704	20.976495671261027	0.0
1.793104332103837	20.96834696776346	0.0
1.8168469945520032	20.960198264265888	0.0
1.8405896570001725	20.95204956076832	0.0
1.864147557875542	20.943510716341706	0.0
1.8876691471049203	20.934895196559452	0.0
1.9111907363342986	20.9262796767772	0.0
1.9346703591187022	20.91747811475689	0.0
1.9580973666532198	20.90844330308078	0.0
1.9815243741877349	20.899408491404678	0.0
2.0047465565467095	20.889977998373148	0.0
2.027936115366914	20.88048448317647	0.0
2.0511256741871184	20.870990967979797	0.0
2.0743152330073253	20.86149745278312	0.0
2.0975047918275296	20.852003937586442	0.0
2.1206943506477343	20.842510422389765	0.0
2.143658405394587	20.832616631969348	0.0
2.1665944372477597	20.822673100229977	0.0
2.189530469100935	20.81272956849061	0.0
2.2124665009541076	20.80278603675124	0.0
2.2354025328072806	20.79284250501187	0.0
2.258310529840424	20.782794513290536	0.0
2.280888392067436	20.77203195876088	0.0
2.303443722316224	20.761232524234586	0.0
2.325999052565009	20.750433089708295	0.0
2.3485543828137945	20.739633655181997	0.0
2.37110971306258	20.728834220655706	0.0
2.3936650433113646	20.718034786129408	0.0
2.415951837171962	20.70682887170367	0.0
2.4382224557876344	20.695598473028426	0.0
2.460493074403307	20.68436807435318	0.0
2.4827636930189794	20.673137675677935	0.0
2.5050343116346516	20.661907277002694	0.0
2.5273049302503265	20.650676878327445	0.0
2.5492847491357438	20.639038455974415	0.0
2.5712479624713462	20.62736300091705	0.0
2.593090737530837	20.615301673844588	0.0
2.6149335125903295	20.60324034677213	0.0
2.63677628764982	20.591179019699666	0.0
2.658619062709311	20.57911769262721	0.0
2.680148339393253	20.56664787855665	0.0
2.701676643337068	20.554176797010005	0.0
2.7232049472808857	20.541705715463358	0.0
2.7447332512247007	20.52923463391671	0.0
2.766261555168516	20.51676355237007	0.0
2.7877820454176434	20.50428300288997	0.0
2.8089815797999287	20.4914135479166	0.0
2.8301811141822157	20.47854409294323	0.0
2.8513806485645015	20.465674637969858	0.0
2.8725801829467867	20.452805182996485	0.0
2.893654361505676	20.43958456866804	0.0
2.9146920415064024	20.42629073947114	0.0
2.9354044124584546	20.412629983298647	0.0
2.9561167834105038	20.39896922712616	0.0
2.9768291543625534	20.385308470953667	0.0
2.997541525314603	20.371647714781176	0.0
3.018253896266652	20.357986958608688	0.0
3.038938673356862	20.344297212607664	0.0
3.0592949299194454	20.33026232630631	0.0
3.079651186482029	20.31622744000496	0.0
3.1000074430446123	20.3021925537036	0.0
3.120363699607196	20.288157667402245	0.0
3.140719956169782	20.274122781100886	0.0
3.1610376959702227	20.260050194888194	0.0
3.180916280407917	20.245384763880786	0.0
3.2007426961199203	20.230589928753993	0.0
3.2205691118319235	20.215795093627207	0.0
3.240395527543929	20.20100025850042	0.0
3.2602219432559325	20.18620542337363	0.0
3.2799982809269452	20.171364926917285	0.0
3.2994430200264695	20.15622207774596	0.0
3.3188877591259938	20.141079228574633	0.0
3.3383324982255203	20.125936379403303	0.0
3.3577772373250445	20.110793530231977	0.0
3.3772219764245683	20.09565068106065	0.0
3.396636605167236	20.08048179468411	0.0
3.4158863329193228	20.065170395497596	0.0
3.4350985729773393	20.04982726944703	0.0
3.4541920666469026	20.03426670510134	0.0
3.4731607048345654	20.01847561877228	0.0
3.4920948291808283	20.002655867879533	0.0
3.5109948115000815	19.98680793940492	0.0
3.5298607003797082	19.970932046721423	0.0
3.548692284394345	19.95502818923304	0.0
3.567489353862103	19.93909636971824	0.0
3.586251699942968	19.923136593554	0.0
3.604979114646336	19.90714886869045	0.0
3.623671391728634	19.891133206333073	0.0
3.642328325479822	19.87508961993604	0.0
3.6609497119432604	19.85901812613564	0.0
3.679535347990163	19.84291874398128	0.0
3.6980850313344527	19.826791494918616	0.0
3.7165425507535397	19.81052445055768	0.0
3.7348274090127833	19.793957141223252	0.0
3.7530757157488304	19.777362045667825	0.0
3.771287273507065	19.760739195717328	0.0
3.789461885664381	19.74408862542751	0.0
3.8075985640722183	19.727409784384786	0.0
3.8256975857906825	19.710703069640495	0.0
3.8437589709463884	19.693968682919405	0.0
3.8617825281625673	19.677206669795456	0.0
3.879768067804601	19.660417078562475	0.0
3.8977154010052	19.643599959495134	0.0
3.915624339699134	19.626755364852073	0.0
3.9334946975573755	19.609883349514757	0.0
3.951326288998792	19.592983970254032	0.0
3.9690983369875377	19.576019968009028	0.0
3.986644178821731	19.55868970580118	0.0
4.00415070403991	19.54133226253075	0.0
4.021617731073134	19.523947703007334	0.0
4.0390450800693465	19.506536094477095	0.0
4.056432571878833	19.489097505901505	0.0
4.0737800281034815	19.47163200797302	0.0
4.091087272048344	19.45413967373117	0.0
4.108354127694355	19.436620577847876	0.0
4.125578354950773	19.419073448245314	0.0
4.142760924038416	19.401499132734653	0.0
4.159902486716745	19.38389825478972	0.0
4.1770028720379	19.366270898061465	0.0
4.19406190966789	19.348617147675995	0.0
4.211079430274577	19.330937090466108	0.0
4.227853283260454	19.312897322833376	0.0
4.2445645935957295	19.294797266010498	0.0
4.261233884672301	19.27667117275126	0.0
4.277860990962481	19.258519136396302	0.0
4.294444330118919	19.24034039341329	0.0
4.310982637822804	19.22213439643736	0.0
4.327478179679229	19.203902725061724	0.0
4.34393079427914	19.185645479982462	0.0
4.360340320739066	19.167362763144677	0.0
4.376706599717074	19.149054678326717	0.0
4.393029472297978	19.130721330466805	0.0
4.409308780412805	19.112362825897158	0.0
4.425543632725813	19.093978855329297	0.0
4.441730680673222	19.075567736626695	0.0
4.457703925091179	19.05687553831505	0.0
4.473565260437027	19.038056477973953	0.0
4.489382166807888	19.019212804035817	0.0
4.50515449094622	19.00034463160036	0.0
4.520882080256408	18.981452076961126	0.0
4.536564213042299	18.962534952362724	0.0
4.5521966002578615	18.943591183043992	0.0
4.567783713951272	18.924623384511094	0.0
4.583325404104104	18.90563167849596	0.0
4.598821521212947	18.886616187794864	0.0
4.614271916261516	18.86757703624695	0.0
4.629676440691657	18.848514348712897	0.0
4.64503016098642	18.829425838035302	0.0
4.660336611723322	18.810313529239245	0.0
4.675465107649182	18.790995821712475	0.0
4.690427037888065	18.771488826238077	0.0
4.7053422756625825	18.751958938549617	0.0
4.7202100203879445	18.732405975232567	0.0
4.735025095676255	18.712827674806753	0.0
4.749792952864495	18.693226885705656	0.0
4.764513445355724	18.673603742259655	0.0
4.779186426551827	18.653958379569865	0.0
4.793811749803843	18.63429093348702	0.0
4.808383576071055	18.614598952095484	0.0
4.822906250950043	18.594884662548544	0.0
4.837380737407153	18.575148712559844	0.0
4.851806886893488	18.555391241042415	0.0
4.866184550951285	18.535612387753012	0.0
4.880418842861887	18.51569744466768	0.0
4.894426272796553	18.495535022908157	0.0
4.908384673105252	18.475351655498557	0.0
4.922293891340416	18.455147484595244	0.0
4.936153774702644	18.43492265306328	0.0
4.9500090079283	18.41469587834517	0.0
4.963864241153958	18.394469103627063	0.0
4.977719474379616	18.374242328908952	0.0
4.991574707605273	18.354015554190845	0.0
5.005429940830929	18.333788779472734	0.0
5.019285174056585	18.31356200475463	0.0
5.033140407282242	18.29333523003652	0.0
5.046995640507901	18.273108455318408	0.0
5.060850873733556	18.252881680600304	0.0
5.074667411039164	18.232609512870503	0.0
5.088243799701962	18.212055634042024	0.0
5.101820188364759	18.191501755213547	0.0
5.115396577027559	18.17094787638507	0.0
5.128972965690356	18.15039399755659	0.0
5.1425493543531555	18.12984011872811	0.0
5.156125743015954	18.10928623989964	0.0
5.1697021316787515	18.08873236107116	0.0
5.183278520341551	18.06817848224268	0.0
5.196854909004348	18.047624603414203	0.0
5.210431297667146	18.027070724585727	0.0
5.224007686329943	18.00651684575725	0.0
5.237584074992741	17.985962966928774	0.0
5.25116046365554	17.965409088100294	0.0
5.264736852318339	17.94485520927182	0.0
5.278036986959851	17.9240025603475	0.0
5.291321566599547	17.90313308861148	0.0
5.3046061462392435	17.882263616875456	0.0
5.317890725878942	17.861394145139432	0.0
5.331175305518639	17.84052467340341	0.0
5.3444598851583365	17.819655201667388	0.0
5.357744464798032	17.798785729931367	0.0
5.37102904443773	17.77791625819534	0.0
5.3843136240774285	17.75704678645932	0.0
5.397598203717125	17.736177314723296	0.0
5.410882783356823	17.715307842987272	0.0
5.424167362996519	17.694438371251252	0.0
5.4374519426362165	17.673568899515228	0.0
5.450736522275915	17.652699427779204	0.0
5.463791472990899	17.631600878346646	0.0
5.476771753911861	17.61042783836618	0.0
5.489752034832823	17.589254798385717	0.0
5.502732315753786	17.568081758405256	0.0
5.515712596674749	17.54690871842479	0.0
5.528692877595711	17.525735678444327	0.0
5.541673158516673	17.504562638463867	0.0
5.554653439437636	17.483389598483406	0.0
5.5676337203585975	17.462216558502945	0.0
5.580614001279561	17.441043518522477	0.0
5.593594282200524	17.419870478542016	0.0
5.606574563121485	17.398697438561555	0.0
5.619554844042446	17.37752439858109	0.0
5.632535124963408	17.356351358600627	0.0
5.645337478546982	17.335014591817682	0.0
5.658001466138547	17.313550502152395	0.0
5.6706654537301135	17.292086412487116	0.0
5.683329441321679	17.27062232282183	0.0
5.695993428913245	17.249158233156543	0.0
5.708657416504812	17.227694143491256	0.0
5.721321404096377	17.206230053825973	0.0
5.733985391687943	17.18476596416069	0.0
5.746649379279508	17.163301874495403	0.0
5.759313366871073	17.14183778483012	0.0
5.77197735446264	17.12037369516483	0.0
5.784641342054206	17.098909605499546	0.0
5.797305329645772	17.077445515834263	0.0
5.809969317237337	17.055981426168977	0.0
5.822511877514615	17.03441432694507	0.0
5.83484809176597	17.01267217968377	0.0
5.847184306017325	16.99093003242247	0.0
5.859520520268679	16.969187885161162	0.0
5.871856734520033	16.947445737899862	0.0
5.884192948771388	16.925703590638555	0.0
5.896529163022744	16.903961443377256	0.0
5.908865377274099	16.882219296115952	0.0
5.921201591525453	16.86047714885465	0.0
5.933537805776807	16.83873500159335	0.0
5.945874020028164	16.816992854332042	0.0
5.958210234279518	16.795250707070743	0.0
5.970546448530873	16.77350855980944	0.0
5.9828826627822265	16.751766412548136	0.0
5.995158454980359	16.729977062687958	0.0
6.007155949158173	16.707970302310883	0.0
6.019153443335987	16.685963541933813	0.0
6.031150937513799	16.663956781556745	0.0
6.043148431691611	16.641950021179674	0.0
6.055145925869424	16.619943260802607	0.0
6.0671434200472385	16.597936500425536	0.0
6.079140914225051	16.575929740048466	0.0
6.091138408402864	16.5539229796714	0.0
6.103135902580678	16.531916219294327	0.0
6.11513339675849	16.50990945891726	0.0
6.127130890936304	16.48790269854019	0.0
6.139128385114117	16.465895938163115	0.0
6.151125879291929	16.443889177786048	0.0
6.163123373469743	16.42188241740898	0.0
6.1747765328378135	16.399628352607305	0.0
6.186424911296248	16.377370854112392	0.0
6.198073289754682	16.355113355617483	0.0
6.209721668213116	16.33285585712257	0.0
6.2213700466715505	16.310598358627658	0.0
6.233018425129983	16.28834086013275	0.0
6.2446668035884185	16.266083361637836	0.0
6.256315182046852	16.243825863142927	0.0
6.267963560505286	16.221568364648014	0.0
6.279611938963718	16.199310866153105	0.0
6.291260317422153	16.177053367658196	0.0
6.302908695880587	16.154795869163284	0.0
6.314557074339021	16.13253837066837	0.0
6.326205452797455	16.110280872173462	0.0
6.337644630774074	16.08788396156258	0.0
6.349029608150125	16.06545093143444	0.0
6.360414585526178	16.043017901306307	0.0
6.371799562902228	16.020584871178173	0.0
6.383184540278279	15.998151841050031	0.0
6.39456951765433	15.975718810921897	0.0
6.4059544950303815	15.953285780793761	0.0
6.417339472406433	15.930852750665624	0.0
6.428724449782484	15.90841972053749	0.0
6.440109427158537	15.88598669040935	0.0
6.4514944045345874	15.863553660281216	0.0
6.462879381910638	15.841120630153076	0.0
6.474264359286691	15.818687600024939	0.0
6.485649336662743	15.796254569896805	0.0
6.497034314038793	15.773821539768667	0.0
6.508419291414845	15.751388509640531	0.0
6.519804268790898	15.728955479512392	0.0
6.5311892461669485	15.706522449384257	0.0
6.542574223542999	15.684089419256122	0.0
6.55395920091905	15.661656389127984	0.0
6.565344178295102	15.63922335899985	0.0
6.5767291556711545	15.61679032887171	0.0
6.588114133047206	15.594357298743576	0.0
6.599499110423257	15.571924268615438	0.0
6.610884087799308	15.549491238487303	0.0
6.622269065175359	15.527058208359167	0.0
6.633654042551411	15.504625178231025	0.0
6.644816295804368	15.482052848240423	0.0
6.655947312241262	15.459460981595585	0.0
6.667078328678154	15.43686911495075	0.0
6.678209345115047	15.414277248305913	0.0
6.68934036155194	15.391685381661075	0.0
6.7004713779888325	15.369093515016239	0.0
6.711602394425725	15.346501648371401	0.0
6.722733410862618	15.323909781726563	0.0
6.733864427299511	15.301317915081729	0.0
6.744995443736404	15.27872604843689	0.0
6.756126460173297	15.256134181792053	0.0
6.767257476610189	15.233542315147218	0.0
6.778388493047082	15.21095044850238	0.0
6.789519509483975	15.188358581857544	0.0
6.800544928139023	15.165704068593712	0.0
6.811503437819487	15.143009861115054	0.0
6.822461947499951	15.120315653636398	0.0
6.833420457180416	15.09762144615774	0.0
6.844378966860881	15.074927238679082	0.0
6.855337476541346	15.052233031200423	0.0
6.866295986221811	15.029538823721767	0.0
6.877254495902275	15.00684461624311	0.0
6.88821300558274	14.984150408764453	0.0
6.8991715152632045	14.961456201285797	0.0
6.910130024943671	14.938761993807137	0.0
6.921088534624134	14.91606778632848	0.0
6.932047044304599	14.893373578849822	0.0
6.9430055539850635	14.870679371371166	0.0
6.953964063665528	14.847985163892508	0.0
6.964758111234444	14.825197527594174	0.0
6.975542218467436	14.802404244318286	0.0
6.986326325700431	14.779610961042398	0.0
6.997110432933424	14.756817677766513	0.0
7.007894540166419	14.734024394490625	0.0
7.018678647399413	14.711231111214738	0.0
7.029462754632406	14.688437827938852	0.0
7.0402468618654	14.665644544662964	0.0
7.051030969098394	14.642851261387078	0.0
7.0618150763313885	14.620057978111191	0.0
7.072599183564383	14.597264694835301	0.0
7.083383290797376	14.574471411559415	0.0
7.094167398030371	14.551678128283527	0.0
7.104951505263364	14.528884845007642	0.0
7.115735612496358	14.506091561731754	0.0
7.126360992974589	14.483212018387544	0.0
7.13696886385912	14.460322959453155	0.0
7.1475767347436525	14.43743390051877	0.0
7.1581846056281835	14.41454484158438	0.0
7.168792476512715	14.391655782649995	0.0
7.179400347397248	14.368766723715606	0.0
7.190008218281779	14.345877664781218	0.0
7.200616089166312	14.322988605846831	0.0
7.211223960050844	14.300099546912444	0.0
7.221831830935374	14.277210487978056	0.0
7.232439701819907	14.254321429043667	0.0
7.243047572704438	14.231432370109282	0.0
7.25365544358897	14.208543311174894	0.0
7.264263314473503	14.185654252240507	0.0
7.274871185358035	14.162765193306118	0.0
7.285391212280469	14.139830515950448	0.0
7.295821075355343	14.116849015429201	0.0
7.3062509384302174	14.093867514907954	0.0
7.3166808015050915	14.070886014386707	0.0
7.327110664579967	14.047904513865458	0.0
7.3375405276548396	14.02492301334421	0.0
7.347970390729713	14.001941512822963	0.0
7.358400253804588	13.978960012301716	0.0
7.368830116879461	13.955978511780469	0.0
7.379259979954336	13.93299701125922	0.0
7.38968984302921	13.91001551073797	0.0
7.400119706104084	13.887034010216725	0.0
7.410549569178956	13.864052509695478	0.0
7.420979432253831	13.84107100917423	0.0
7.431409295328706	13.818089508652982	0.0
7.441839158403579	13.795108008131734	0.0
7.452140256506427	13.772062686378913	0.0
7.462390403377864	13.74899211109411	0.0
7.4726405502493005	13.725921535809306	0.0
7.4828906971207365	13.702850960524502	0.0
7.4931408439921725	13.6797803852397	0.0
7.5033909908636085	13.656709809954897	0.0
7.5136411377350445	13.633639234670095	0.0
7.5238912846064805	13.610568659385294	0.0
7.534141431477917	13.58749808410049	0.0
7.544391578349353	13.564427508815687	0.0
7.5546417252207885	13.541356933530885	0.0
7.564891872092225	13.518286358246083	0.0
7.575142018963661	13.495215782961282	0.0
7.585392165835098	13.472145207676476	0.0
7.595642312706534	13.449074632391675	0.0
7.605892459577969	13.426004057106873	0.0
7.616041768895876	13.402885845338513	0.0
7.626110554842788	13.379729593672273	0.0
7.636179340789702	13.356573342006033	0.0
7.642324467800609	13.332540750890672	0.0
7.647445088248416	13.308279338786598	0.0
7.652565708696222	13.284017926682523	0.0
7.6576863291440285	13.259756514578449	0.0
7.662806949591834	13.235495102474372	0.0
7.66792757003964	13.2112336903703	0.0
7.673048190487447	13.186972278266225	0.0
7.678168810935252	13.162710866162147	0.0
7.683289431383059	13.138449454058073	0.0
7.688410051830866	13.114188041953996	0.0
7.693530672278672	13.08992662984992	0.0
7.698651292726478	13.065665217745845	0.0
7.703771913174284	13.041403805641771	0.0
7.70889253362209	13.017142393537696	0.0
7.713831660301588	12.99279938461769	0.0
7.718769339359195	12.968455724869077	0.0
7.723707018416801	12.944112065120464	0.0
7.728644697474407	12.919768405371851	0.0
7.733582376532013	12.895424745623238	0.0
7.738520055589619	12.871081085874621	0.0
7.743457734647225	12.846737426126008	0.0
7.748395413704832	12.822393766377395	0.0
7.753333092762437	12.798050106628782	0.0
7.758270771820043	12.773706446880167	0.0
7.76320845087765	12.749362787131554	0.0
7.768146129935255	12.725019127382941	0.0
7.773083808992863	12.700675467634328	0.0
7.7780214880504674	12.676331807885717	0.0
7.782959167108074	12.6519881481371	0.0
7.78789684616568	12.627644488388487	0.0
7.792834525223286	12.603300828639874	0.0
